301 1 0.48438 0
302 1 0.44922 0
303 1 0.49219 0
304 1 0.46875 0
305 1 0.47266 0
306 1 0.43359 0
307 1 0.47656 0
308 1 0.46094 0
309 1 0.41406 0
310 1 0.40234 0
311 6 0.44141 0
312 11 0.44531 0
313 7 0.42188 0
314 7 0.42969 0
315 5 0.44141 0
316 11 0.42969 0
317 11 0.40234 0
318 11 0.41016 0
319 11 0.46094 0
320 11 0.46094 0
321 15 0.35547 0
322 15 0.38281 0
323 15 0.38672 0
324 17 0.38281 0
325 19 0.34375 0
326 19 0.42578 0
327 19 0.42188 0
328 8 0.42188 0
329 17 0.40625 0
330 3 0.40625 0
331 28 0.41406 0
332 29 0.41797 0
333 31 0.44531 0
334 12 0.42969 0
335 31 0.42969 0
336 24 0.42578 0
337 30 0.41406 0
338 12 0.41797 0
339 31 0.41406 0
340 31 0.39844 0
341 30 0.38672 0
342 29 0.38281 0
343 28 0.38281 0
344 27 0.37891 0
345 25 0.37109 0
346 25 0.35938 0
347 37 0.41406 0
348 29 0.40625 0
349 40 0.39844 0
350 40 0.40234 0
351 48 0.39453 0
352 39 0.40625 0
353 48 0.38672 0
354 48 0.38672 0
355 47 0.38672 0
356 44 0.42188 0
357 50 0.41797 0
358 39 0.42969 0
359 51 0.39062 0
360 49 0.39062 0
361 35 0.37891 0
362 36 0.39453 0
363 36 0.40625 0
364 35 0.39453 0
365 36 0.40234 0
366 59 0.42188 0
367 40 0.39062 0
368 55 0.39844 0
369 55 0.38281 0
370 37 0.36328 0
371 37 0.35938 0
372 39 0.40234 0
373 37 0.37891 0
374 65 0.34766 0
375 65 0.36328 0
376 64 0.37891 0
377 60 0.35938 0
378 56 0.37500 0
379 56 0.35547 0
380 56 0.33594 0
381 56 0.32812 0
382 54 0.33984 0
383 56 0.32031 0
384 52 0.36719 0
385 56 0.30469 0
386 54 0.33594 0
387 57 0.35938 0
388 54 0.35156 0
389 47 0.35156 0
390 46 0.36328 0
391 46 0.35547 0
392 46 0.35547 0
393 46 0.32812 0
394 46 0.34766 0
395 46 0.33984 0
396 46 0.33984 0
397 46 0.32812 0
398 44 0.35547 0
399 83 0.32812 0
400 42 0.34766 0
401 86 0.35938 0
402 78 0.33594 0
403 81 0.34766 0
404 81 0.33203 0
405 78 0.32812 0
406 83 0.35938 0
407 83 0.33984 0
408 83 0.36328 0
409 78 0.34375 0
410 79 0.33203 0
411 94 0.33203 0
412 78 0.33984 0
413 78 0.29688 0
414 97 0.34375 0
415 54 0.34766 0
416 14 0.35156 0
417 104 0.38281 0
418 104 0.37109 0
419 103 0.36719 0
420 108 0.35156 0
421 104 0.35938 0
422 98 0.37891 0
423 98 0.39453 0
424 102 0.37500 0
425 112 0.39062 0
426 119 0.37891 0
427 117 0.37109 0
428 93 0.33203 0
429 103 0.37891 0
430 97 0.37500 0
431 97 0.39844 0
432 114 0.37109 0
433 93 0.33203 0
434 91 0.33984 0
435 93 0.31250 0
436 89 0.32422 0
437 89 0.33594 0
438 89 0.33203 0
439 85 0.33203 0
440 84 0.31250 0
441 85 0.33203 0
442 91 0.35547 0
443 84 0.37500 0
444 82 0.32812 0
445 86 0.36328 0
446 79 0.37891 0
447 78 0.34375 0
448 76 0.34375 0
449 76 0.37500 0
450 76 0.35156 0
451 74 0.37891 0
452 75 0.35938 0
453 80 0.35938 0
454 74 0.35547 0
455 73 0.37109 0
456 78 0.37500 0
457 64 0.36328 0
458 64 0.38672 0
459 64 0.34766 0
460 57 0.37891 0
461 56 0.34766 0
462 62 0.33203 0
463 161 0.38672 0
464 92 0.38672 0
465 156 0.38672 0
466 160 0.39062 0
467 96 0.36719 0
468 30 0.39062 0
469 92 0.36328 0
470 155 0.38672 0
471 163 0.35156 0
472 154 0.39062 0
473 159 0.38672 0
474 129 0.36719 0
475 129 0.32812 0
476 130 0.36328 0
477 130 0.30859 0
478 132 0.35938 0
479 140 0.35938 0
480 130 0.35547 0
481 138 0.35547 0
482 131 0.34375 0
483 128 0.33984 0
484 144 0.35547 0
485 144 0.33984 0
486 144 0.33984 0
487 144 0.35156 0
488 127 0.37500 0
489 148 0.33984 0
490 162 0.38281 0
491 162 0.37500 0
492 154 0.37109 0
493 162 0.41016 0
494 161 0.39453 0
495 157 0.40234 0
496 157 0.37500 0
497 154 0.37500 0
498 154 0.36719 0
499 150 0.35938 0
500 154 0.34766 0
501 152 0.35156 0
502 160 0.35547 0
503 149 0.38281 0
504 149 0.37109 0
505 154 0.35156 0
506 146 0.31641 0
507 146 0.29297 0
508 146 0.30078 0
509 146 0.28906 0
510 146 0.27734 0
511 146 0.32422 0
512 146 0.28516 0
513 143 0.35156 0
514 145 0.33594 0
515 142 0.33984 0
516 142 0.33984 0
517 142 0.33203 0
518 140 0.32422 0
519 140 0.33203 0
520 138 0.35156 0
521 135 0.32031 0
522 137 0.30859 0
523 135 0.37891 0
524 135 0.36719 0
525 85 0.36719 0
526 84 0.37500 0
527 128 0.33594 0
528 87 0.34766 0
529 128 0.33594 0
530 128 0.34375 0
531 126 0.30469 0
532 126 0.29297 0
533 93 0.33203 0
534 128 0.30078 0
535 126 0.32031 0
536 126 0.29688 0
537 126 0.29688 0
538 89 0.32812 0
539 127 0.32812 0
540 126 0.32031 0
541 126 0.32812 0
542 93 0.31641 0
543 124 0.32031 0
544 92 0.30859 0
545 93 0.31250 0
546 92 0.31250 0
547 92 0.31250 0
548 128 0.30859 0
549 92 0.31250 0
550 126 0.31250 0
551 92 0.30078 0
552 126 0.31641 0
553 92 0.30469 0
554 93 0.31250 0
555 93 0.31641 0
556 92 0.31250 0
557 92 0.30078 0
558 92 0.30469 0
559 128 0.31641 0
560 94 0.31250 0
561 94 0.30859 0
562 94 0.31250 0
563 125 0.29297 0
564 125 0.28906 0
565 125 0.29688 0
566 125 0.29688 0
567 128 0.29297 0
568 123 0.28516 0
569 93 0.31641 0
570 123 0.30078 0
571 123 0.30078 0
572 95 0.31250 0
573 95 0.30078 0
574 115 0.33203 0
575 123 0.31250 0
576 118 0.26562 0
577 118 0.29688 0
578 120 0.32812 0
579 97 0.29688 0
580 99 0.28125 0
581 100 0.33203 0
582 116 0.35938 0
583 116 0.34766 0
584 116 0.36328 0
585 116 0.37109 0
586 112 0.38672 0
587 108 0.36719 0
588 109 0.37891 0
589 28 0.33203 0
590 109 0.33984 0
591 98 0.36328 0
592 108 0.31250 0
593 28 0.32031 0
594 114 0.33594 0
595 114 0.33594 0
596 97 0.32422 0
597 95 0.33594 0
598 36 0.34375 0
599 36 0.31641 0
600 73 0.33984 0
601 43 0.33594 0
602 79 0.33594 0
603 79 0.32422 0
604 78 0.32031 0
605 79 0.31250 0
606 79 0.28516 0
607 131 0.31250 0
608 131 0.32422 0
609 82 0.33203 0
610 79 0.33203 0
611 79 0.31250 0
612 85 0.29688 0
613 84 0.33203 0
614 83 0.33594 0
615 47 0.32422 0
616 51 0.31250 0
617 51 0.32422 0
618 51 0.34375 0
619 57 0.33984 0
620 57 0.34766 0
621 57 0.34375 0
622 294 0.38672 0
623 56 0.36719 0
624 59 0.34766 0
625 99 0.39062 0
626 30 0.38281 0
627 21 0.37109 0
628 27 0.33594 0
629 27 0.32812 0
630 30 0.33984 0
631 28 0.34766 0
632 29 0.33594 0
633 29 0.33203 0
634 36 0.32422 0
635 44 0.35156 0
636 69 0.30859 0
637 42 0.28516 0
638 42 0.27734 0
639 43 0.30469 0
640 43 0.30469 0
641 39 0.32031 0
642 73 0.33984 0
643 79 0.32812 0
644 81 0.33594 0
645 81 0.31250 0
646 69 0.31641 0
647 70 0.32031 0
648 47 0.30469 0
649 56 0.28906 0
650 71 0.33984 0
651 71 0.35547 0
652 70 0.33594 0
653 69 0.35547 0
654 69 0.36719 0
655 69 0.35156 0
656 282 0.34375 0
657 252 0.35156 0
658 252 0.33984 0
659 339 0.35547 0
660 36 0.31250 0
661 340 0.37109 0
662 340 0.35156 0
663 343 0.35156 0
664 71 0.32422 0
665 343 0.37891 0
666 315 0.39453 0
667 291 0.36328 0
668 249 0.37891 0
669 253 0.30859 0
670 248 0.32812 0
671 252 0.32422 0
672 252 0.36328 0
673 247 0.35938 0
674 72 0.31250 0
675 45 0.30859 0
676 282 0.35938 0
677 341 0.35156 0
678 71 0.31250 0
679 54 0.31250 0
680 54 0.29297 0
681 54 0.28125 0
682 51 0.30078 0
683 51 0.30078 0
684 35 0.33984 0
685 68 0.31250 0
686 83 0.31250 0
687 37 0.30859 0
688 83 0.28516 0
689 37 0.28516 0
690 37 0.28125 0
691 34 0.31641 0
692 34 0.31641 0
693 39 0.32422 0
694 57 0.32812 0
695 57 0.32422 0
696 62 0.33203 0
697 57 0.35547 0
698 55 0.33594 0
699 31 0.33594 0
700 66 0.34766 0
701 30 0.33203 0
702 31 0.35547 0
703 57 0.35156 0
704 33 0.28125 0
705 69 0.34375 0
706 68 0.37500 0
707 71 0.30078 0
708 72 0.29688 0
709 72 0.27344 0
710 74 0.30859 0
711 72 0.24219 0
712 75 0.29688 0
713 75 0.30469 0
714 71 0.30078 0
715 84 0.30469 0
716 84 0.31250 0
717 82 0.24219 0
718 84 0.32422 0
719 84 0.31641 0
720 87 0.32812 0
721 83 0.31641 0
722 83 0.29688 0
723 85 0.31250 0
724 89 0.32422 0
725 89 0.31641 0
726 93 0.31641 0
727 93 0.29297 0
728 93 0.30469 0
729 93 0.30469 0
730 93 0.26953 0
731 98 0.29297 0
732 99 0.34766 0
733 93 0.29297 0
734 101 0.28125 0
735 101 0.25781 0
736 96 0.29297 0
737 98 0.29297 0
738 100 0.30078 0
739 100 0.30469 0
740 103 0.32031 0
741 97 0.34375 0
742 104 0.37891 0
743 110 0.35938 0
744 111 0.34766 0
745 100 0.40625 0
746 100 0.35547 0
747 98 0.31641 0
748 116 0.33984 0
749 419 0.36719 0
750 103 0.35938 0
751 103 0.36719 0
752 116 0.36719 0
753 101 0.32031 0
754 100 0.34375 0
755 117 0.39844 0
756 97 0.35547 0
757 98 0.40625 0
758 95 0.33984 0
759 95 0.35547 0
760 392 0.37500 0
761 397 0.36328 0
762 89 0.37891 0
763 89 0.38672 0
764 83 0.33984 0
765 88 0.29297 0
766 83 0.31641 0
767 83 0.33984 0
768 81 0.34375 0
769 82 0.32812 0
770 80 0.30469 0
771 81 0.32812 0
772 82 0.30078 0
773 357 0.34375 0
774 237 0.36328 0
775 241 0.37109 0
776 242 0.37500 0
777 256 0.37109 0
778 310 0.37500 0
779 311 0.36328 0
780 318 0.32812 0
781 335 0.36328 0
782 333 0.35547 0
783 337 0.36719 0
784 333 0.33984 0
785 333 0.34375 0
786 163 0.38281 0
787 333 0.35156 0
788 164 0.38281 0
789 325 0.35547 0
790 326 0.37500 0
791 338 0.35156 0
792 331 0.35938 0
793 326 0.34375 0
794 330 0.33984 0
795 338 0.35547 0
796 334 0.36328 0
797 335 0.35156 0
798 338 0.32812 0
799 232 0.34766 0
800 338 0.32812 0
801 338 0.33984 0
802 230 0.36328 0
803 319 0.34766 0
804 234 0.36719 0
805 234 0.35156 0
806 325 0.33984 0
807 327 0.36328 0
808 415 0.35938 0
809 415 0.33203 0
810 410 0.36719 0
811 396 0.40234 0
812 371 0.37891 0
813 416 0.34375 0
814 391 0.40234 0
815 415 0.41406 0
816 416 0.42188 0
817 410 0.41797 0
818 195 0.41797 0
819 409 0.41016 0
820 410 0.40234 0
821 453 0.36719 0
822 381 0.39062 0
823 453 0.39062 0
824 373 0.37891 0
825 371 0.35156 0
826 371 0.35547 0
827 374 0.38281 0
828 83 0.39453 0
829 393 0.41797 0
830 89 0.42188 0
831 531 0.39062 0
832 530 0.41406 0
833 279 0.40625 0
834 39 0.38672 0
835 289 0.39844 0
836 370 0.39453 0
837 370 0.37500 0
838 282 0.39062 0
839 126 0.37500 0
840 125 0.33203 0
841 538 0.39062 0
842 126 0.35156 0
843 395 0.38672 0
844 527 0.38281 0
845 126 0.33984 0
846 531 0.37500 0
847 535 0.40625 0
848 115 0.32812 0
849 117 0.35547 0
850 117 0.35547 0
851 113 0.34766 0
852 374 0.41406 0
853 102 0.35547 0
854 102 0.37891 0
855 115 0.40234 0
856 102 0.37109 0
857 409 0.37500 0
858 98 0.37109 0
859 110 0.37500 0
860 115 0.38281 0
861 16 0.36719 0
862 98 0.36719 0
863 98 0.33594 0
864 98 0.33203 0
865 98 0.33594 0
866 14 0.39062 0
867 93 0.35156 0
868 89 0.35156 0
869 89 0.35547 0
870 89 0.32812 0
871 89 0.34375 0
872 88 0.31641 0
873 82 0.32422 0
874 82 0.32031 0
875 82 0.35156 0
876 81 0.33203 0
877 317 0.33984 0
878 279 0.33203 0
879 275 0.31641 0
880 275 0.33984 0
881 279 0.32031 0
882 277 0.33984 0
883 269 0.35938 0
884 269 0.33203 0
885 65 0.30469 0
886 64 0.35938 0
887 64 0.35156 0
888 308 0.36719 0
889 308 0.34766 0
890 310 0.33984 0
891 311 0.36328 0
892 293 0.35156 0
893 296 0.33984 0
894 390 0.34375 0
895 172 0.37109 0
896 270 0.38281 0
897 318 0.37891 0
898 319 0.38281 0
899 319 0.35547 0
900 319 0.31250 0
901 319 0.33984 0
902 325 0.37109 0
903 263 0.38672 0
904 217 0.37891 0
905 218 0.33984 0
906 323 0.38281 0
907 319 0.37109 0
908 168 0.39062 0
909 222 0.38281 0
910 168 0.39062 0
911 271 0.37109 0
912 271 0.38281 0
913 232 0.37109 0
914 271 0.34375 0
915 232 0.35156 0
916 338 0.37109 0
917 339 0.35938 0
918 494 0.37500 0
919 495 0.39062 0
920 216 0.41016 0
921 216 0.38672 0
922 163 0.39844 0
923 262 0.35547 0
924 325 0.32422 0
925 218 0.41406 0
926 326 0.37500 0
927 327 0.35156 0
928 326 0.35938 0
929 326 0.35938 0
930 320 0.33594 0
931 320 0.37500 0
932 320 0.36719 0
933 318 0.33594 0
934 320 0.36328 0
935 269 0.37109 0
936 318 0.37891 0
937 269 0.38281 0
938 167 0.38281 0
939 219 0.37109 0
940 395 0.33203 0
941 395 0.35547 0
942 395 0.35547 0
943 213 0.35938 0
944 409 0.30078 0
945 409 0.33203 0
946 418 0.37109 0
947 418 0.39453 0
948 417 0.35156 0
949 417 0.32031 0
950 416 0.30078 0
951 416 0.32812 0
952 419 0.36719 0
953 419 0.36719 0
954 417 0.35156 0
955 374 0.37109 0
956 410 0.38672 0
957 375 0.40625 0
958 389 0.37109 0
959 390 0.34766 0
960 393 0.35156 0
961 391 0.32422 0
962 391 0.34375 0
963 391 0.32422 0
964 392 0.30859 0
965 395 0.32031 0
966 397 0.32031 0
967 225 0.35547 0
968 224 0.35156 0
969 229 0.31250 0
970 231 0.33203 0
971 229 0.31641 0
972 231 0.30469 0
973 232 0.32812 0
974 232 0.29297 0
975 236 0.34375 0
976 238 0.31250 0
977 238 0.32031 0
978 238 0.31641 0
979 239 0.30078 0
980 241 0.29297 0
981 238 0.32422 0
982 245 0.32812 0
983 246 0.28516 0
984 246 0.26562 0
985 246 0.28516 0
986 247 0.28516 0
987 249 0.28906 0
988 249 0.31250 0
989 291 0.36719 0
990 92 0.33594 0
991 686 0.34766 0
992 293 0.35547 0
993 294 0.31250 0
994 293 0.32031 0
995 258 0.33203 0
996 259 0.33203 0
997 260 0.31250 0
998 262 0.34375 0
999 263 0.34766 0
1000 263 0.34766 0
1001 395 0.35938 0
1002 326 0.34375 0
1003 218 0.34375 0
1004 246 0.29688 0
1005 246 0.31250 0
1006 248 0.31641 0
1007 268 0.31641 0
1008 270 0.32812 0
1009 270 0.30078 0
1010 225 0.35156 0
1011 225 0.37500 0
1012 270 0.35156 0
1013 65 0.37891 0
1014 379 0.35547 0
1015 379 0.32422 0
1016 379 0.34375 0
1017 262 0.34375 0
1018 261 0.36719 0
1019 263 0.33594 0
1020 264 0.30469 0
1021 264 0.30469 0
1022 409 0.33594 0
1023 393 0.35938 0
1024 391 0.33594 0
1025 391 0.34766 0
1026 391 0.34766 0
1027 393 0.33203 0
1028 396 0.33984 0
1029 396 0.31250 0
1030 397 0.33984 0
1031 636 0.33594 0
1032 715 0.31641 0
1033 87 0.33594 0
1034 89 0.34766 0
1035 282 0.32812 0
1036 407 0.33984 0
1037 407 0.34766 0
1038 285 0.34375 0
1039 410 0.35547 0
1040 308 0.34766 0
1041 288 0.32422 0
1042 288 0.33203 0
1043 391 0.36719 0
1044 310 0.34375 0
1045 291 0.33594 0
1046 55 0.33594 0
1047 57 0.36719 0
1048 293 0.33594 0
1049 297 0.32812 0
1050 297 0.31250 0
1051 630 0.34375 0
1052 65 0.37891 0
1053 389 0.35547 0
1054 391 0.37500 0
1055 304 0.37500 0
1056 307 0.36719 0
1057 304 0.35547 0
1058 392 0.40234 0
1059 392 0.34375 0
1060 392 0.36328 0
1061 54 0.38672 0
1062 600 0.37891 0
1063 374 0.37109 0
1064 597 0.37891 0
1065 597 0.37891 0
1066 596 0.35547 0
1067 97 0.37891 0
1068 97 0.37500 0
1069 588 0.37500 0
1070 419 0.35938 0
1071 419 0.38672 0
1072 418 0.38672 0
1073 385 0.37891 0
1074 745 0.38281 0
1075 740 0.37500 0
1076 740 0.37891 0
1077 745 0.43359 0
1078 740 0.39844 0
1079 754 0.40625 0
1080 756 0.41406 0
1081 757 0.40234 0
1082 419 0.38672 0
1083 419 0.40234 0
1084 737 0.38672 0
1085 734 0.37109 0
1086 734 0.37500 0
1087 734 0.37500 0
1088 1 0.40625 0
1089 745 0.37109 0
1090 745 0.39062 0
1091 742 0.40625 0
1092 742 0.40625 0
1093 742 0.38281 0
1094 745 0.40625 0
1095 745 0.41406 0
1096 750 0.39062 0
1097 746 0.37109 0
1098 740 0.39062 0
1099 749 0.38281 0
1100 423 0.37891 0
1101 423 0.38281 0
1102 424 0.36719 0
1103 423 0.36719 0
1104 436 0.41797 0
1105 435 0.39453 0
1106 435 0.41406 0
1107 430 0.39453 0
1108 435 0.40234 0
1109 423 0.39453 0
1110 419 0.40234 0
1111 417 0.40234 0
1112 733 0.40234 0
1113 416 0.39453 0
1114 419 0.41406 0
1115 418 0.40625 0
1116 419 0.39844 0
1117 419 0.40625 0
1118 585 0.42969 0
1119 585 0.41016 0
1120 744 0.42578 0
1121 105 0.38672 0
1122 740 0.42578 0
1123 746 0.37500 0
1124 581 0.41797 0
1125 420 0.38672 0
1126 583 0.36328 0
1127 752 0.38281 0
1128 582 0.37891 0
1129 751 0.38672 0
1130 419 0.38281 0
1131 419 0.37500 0
1132 755 0.38281 0
1133 585 0.39844 0
1134 752 0.42578 0
1135 755 0.41016 0
1136 382 0.38672 0
1137 382 0.38672 0
1138 382 0.34375 0
1139 581 0.38672 0
1140 105 0.38672 0
1141 734 0.35547 0
1142 757 0.38672 0
1143 568 0.41406 0
1144 15 0.43359 0
1145 568 0.43359 0
1146 733 0.42188 0
1147 732 0.41406 0
1148 733 0.41406 0
1149 732 0.43750 0
1150 731 0.37109 0
1151 570 0.44531 0
1152 731 0.35938 0
1153 736 0.37500 0
1154 731 0.37500 0
1155 734 0.37891 0
1156 740 0.36719 0
1157 738 0.36719 0
1158 739 0.34375 0
1159 741 0.38281 0
1160 745 0.42188 0
1161 739 0.39453 0
1162 855 0.36719 0
1163 855 0.35938 0
1164 861 0.37109 0
1165 857 0.40625 0
1166 733 0.40625 0
1167 858 0.41016 0
1168 855 0.37891 0
1169 1 0.37891 0
1170 1 0.36328 0
1171 1 0.33984 0
1172 1 0.34766 0
1173 3 0.35156 0
1174 4 0.35547 0
1175 5 0.35938 0
1176 4 0.38672 0
1177 8 0.41016 0
1178 8 0.36719 0
1179 733 0.38672 0
1180 16 0.38672 0
1181 863 0.37500 0
1182 16 0.39844 0
1183 863 0.41406 0
1184 416 0.39844 0
1185 5 0.40234 0
1186 861 0.42969 0
1187 757 0.45312 0
1188 6 0.42578 0
1189 6 0.39844 0
1190 416 0.41406 0
1191 752 0.41406 0
1192 2 0.42188 0
1193 2 0.35938 0
1194 855 0.41406 0
1195 755 0.42578 0
1196 418 0.41016 0
1197 434 0.41016 0
1198 433 0.39062 0
1199 436 0.39062 0
1200 435 0.39453 0
1201 436 0.38281 0
1202 731 0.39844 0
1203 6 0.39453 0
1204 423 0.38672 0
1205 733 0.35156 0
1206 423 0.35547 0
1207 432 0.37891 0
1208 742 0.34766 0
1209 423 0.33203 0
1210 744 0.36328 0
1211 751 0.37500 0
1212 740 0.37500 0
1213 751 0.36719 0
1214 742 0.36719 0
1215 740 0.39453 0
1216 752 0.39062 0
1217 743 0.40625 0
1218 748 0.41797 0
1219 753 0.42578 0
1220 419 0.44531 0
1221 423 0.43750 0
1222 423 0.42188 0
1223 858 0.37500 0
1224 858 0.38672 0
1225 419 0.37109 0
1226 419 0.37891 0
1227 418 0.39062 0
1228 418 0.42969 0
1229 755 0.40625 0
1230 737 0.39844 0
1231 752 0.41016 0
1232 420 0.40625 0
1233 421 0.39062 0
1234 420 0.40234 0
1235 757 0.41406 0
1236 420 0.36328 0
1237 740 0.41016 0
1238 738 0.39453 0
1239 737 0.39453 0
1240 734 0.38281 0
1241 388 0.44531 0
1242 736 0.37109 0
1243 102 0.41797 0
1244 110 0.41797 0
1245 571 0.45703 0
1246 6 0.42578 0
1247 745 0.44531 0
1248 572 0.42578 0
1249 570 0.43359 0
1250 576 0.38281 0
1251 757 0.38281 0
1252 757 0.40234 0
1253 754 0.35938 0
1254 752 0.39844 0
1255 752 0.39844 0
1256 747 0.37891 0
1257 421 0.38672 0
1258 421 0.37891 0
1259 419 0.37891 0
1260 420 0.39062 0
1261 420 0.38672 0
1262 424 0.39062 0
1263 421 0.39062 0
1264 427 0.41797 0
1265 753 0.41406 0
1266 428 0.43359 0
1267 416 0.39844 0
1268 429 0.37891 0
1269 426 0.41797 0
1270 427 0.39844 0
1271 427 0.37500 0
1272 118 0.34375 0
1273 118 0.39453 0
1274 420 0.39062 0
1275 420 0.40625 0
1276 388 0.39844 0
1277 388 0.40234 0
1278 581 0.39062 0
1279 421 0.41406 0
1280 382 0.39453 0
1281 588 0.39844 0
1282 383 0.37891 0
1283 418 0.39062 0
1284 576 0.39062 0
1285 734 0.41406 0
1286 375 0.38281 0
1287 559 0.38281 0
1288 375 0.37109 0
1289 564 0.39844 0
1290 559 0.37891 0
1291 556 0.38672 0
1292 445 0.40234 0
1293 445 0.40625 0
1294 441 0.39844 0
1295 442 0.37891 0
1296 442 0.41406 0
1297 520 0.33203 0
1298 530 0.40234 0
1299 528 0.40234 0
1300 909 0.37109 0
1301 811 0.40625 0
1302 908 0.38672 0
1303 971 0.36328 0
1304 392 0.39062 0
1305 821 0.39062 0
1306 934 0.41016 0
1307 817 0.38281 0
1308 817 0.41016 0
1309 914 0.37109 0
1310 501 0.37109 0
1311 501 0.31641 0
1312 501 0.31641 0
1313 155 0.32031 0
1314 154 0.32031 0
1315 155 0.34375 0
1316 155 0.32812 0
1317 371 0.32031 0
1318 155 0.34766 0
1319 907 0.35547 0
1320 907 0.36328 0
1321 132 0.33594 0
1322 366 0.35547 0
1323 186 0.34766 0
1324 136 0.37109 0
1325 131 0.36719 0
1326 487 0.39453 0
1327 802 0.37891 0
1328 178 0.35156 0
1329 179 0.34375 0
1330 485 0.32031 0
1331 485 0.28906 0
1332 485 0.28516 0
1333 172 0.34375 0
1334 173 0.36719 0
1335 367 0.37500 0
1336 393 0.41406 0
1337 894 0.37109 0
1338 893 0.38281 0
1339 892 0.38672 0
1340 893 0.40234 0
1341 900 0.40625 0
1342 1015 0.38281 0
1343 97 0.39844 0
1344 895 0.39453 0
1345 1017 0.37500 0
1346 206 0.41406 0
1347 64 0.39062 0
1348 589 0.38281 0
1349 389 0.38672 0
1350 893 0.40234 0
1351 893 0.36328 0
1352 894 0.37109 0
1353 382 0.39844 0
1354 1027 0.37500 0
1355 124 0.34375 0
1356 1028 0.37500 0
1357 124 0.36328 0
1358 363 0.34375 0
1359 186 0.37500 0
1360 130 0.38281 0
1361 131 0.35547 0
1362 131 0.34375 0
1363 133 0.33984 0
1364 131 0.37891 0
1365 526 0.38672 0
1366 179 0.41406 0
1367 526 0.39453 0
1368 527 0.39062 0
1369 531 0.36719 0
1370 530 0.36719 0
1371 534 0.33984 0
1372 534 0.30078 0
1373 562 0.32812 0
1374 564 0.32812 0
1375 564 0.35547 0
1376 602 0.34375 0
1377 569 0.32422 0
1378 569 0.33984 0
1379 569 0.33594 0
1380 570 0.32812 0
1381 578 0.28125 0
1382 574 0.28125 0
1383 578 0.27344 0
1384 575 0.29297 0
1385 573 0.28125 0
1386 573 0.26953 0
1387 578 0.27344 0
1388 581 0.27344 0
1389 578 0.30078 0
1390 578 0.26562 0
1391 584 0.30078 0
1392 582 0.32422 0
1393 580 0.31250 0
1394 580 0.28906 0
1395 581 0.29688 0
1396 581 0.30469 0
1397 581 0.31641 0
1398 581 0.33594 0
1399 581 0.33594 0
1400 629 0.30078 0
1401 629 0.28906 0
1402 629 0.27344 0
1403 629 0.28516 0
1404 631 0.27734 0
1405 629 0.28125 0
1406 629 0.28516 0
1407 584 0.28906 0
1408 629 0.28906 0
1409 587 0.30859 0
1410 585 0.32422 0
1411 589 0.30078 0
1412 589 0.29297 0
1413 589 0.27344 0
1414 589 0.30859 0
1415 1067 0.32031 0
1416 98 0.30078 0
1417 98 0.30469 0
1418 98 0.33203 0
1419 96 0.30078 0
1420 95 0.27734 0
1421 93 0.30078 0
1422 95 0.35547 0
1423 92 0.32031 0
1424 92 0.35156 0
1425 92 0.37109 0
1426 88 0.36328 0
1427 763 0.34375 0
1428 763 0.36328 0
1429 640 0.30078 0
1430 605 0.33594 0
1431 640 0.31250 0
1432 609 0.33594 0
1433 611 0.33984 0
1434 643 0.31641 0
1435 645 0.33984 0
1436 647 0.29297 0
1437 646 0.30078 0
1438 649 0.31250 0
1439 649 0.31641 0
1440 650 0.32422 0
1441 653 0.27734 0
1442 651 0.30859 0
1443 683 0.33984 0
1444 700 0.32031 0
1445 698 0.35938 0
1446 699 0.36719 0
1447 58 0.37109 0
1448 628 0.37891 0
1449 58 0.35156 0
1450 36 0.36328 0
1451 662 0.32812 0
1452 663 0.32812 0
1453 693 0.35547 0
1454 667 0.34766 0
1455 667 0.35938 0
1456 289 0.37891 0
1457 484 0.38281 0
1458 638 0.36328 0
1459 330 0.36719 0
1460 639 0.32422 0
1461 248 0.36328 0
1462 641 0.37109 0
1463 677 0.36328 0
1464 346 0.37891 0
1465 347 0.38281 0
1466 348 0.39453 0
1467 348 0.35938 0
1468 647 0.34766 0
1469 345 0.32812 0
1470 344 0.34766 0
1471 652 0.32422 0
1472 342 0.32422 0
1473 667 0.35938 0
1474 655 0.35547 0
1475 655 0.34375 0
1476 339 0.32812 0
1477 327 0.37109 0
1478 248 0.37891 0
1479 662 0.36328 0
1480 345 0.36328 0
1481 669 0.35156 0
1482 655 0.35547 0
1483 342 0.38281 0
1484 318 0.36719 0
1485 773 0.36719 0
1486 670 0.35938 0
1487 671 0.35938 0
1488 673 0.34766 0
1489 348 0.34766 0
1490 651 0.33984 0
1491 653 0.32422 0
1492 348 0.31641 0
1493 343 0.32422 0
1494 670 0.32812 0
1495 670 0.33594 0
1496 348 0.32031 0
1497 655 0.35156 0
1498 345 0.32031 0
1499 258 0.32812 0
1500 257 0.32031 0
1501 672 0.35156 0
1502 672 0.34375 0
1503 347 0.34766 0
1504 345 0.33594 0
1505 257 0.35156 0
1506 694 0.35156 0
1507 347 0.35547 0
1508 348 0.35547 0
1509 345 0.35547 0
1510 336 0.33594 0
1511 269 0.36328 0
1512 686 0.37500 0
1513 686 0.35156 0
1514 55 0.33203 0
1515 55 0.33984 0
1516 999 0.36328 0
1517 57 0.33203 0
1518 58 0.35156 0
1519 697 0.36328 0
1520 694 0.32422 0
1521 636 0.32422 0
1522 57 0.34766 0
1523 59 0.34766 0
1524 987 0.34766 0
1525 69 0.35156 0
1526 69 0.35156 0
1527 667 0.35938 0
1528 69 0.32812 0
1529 681 0.30859 0
1530 68 0.31250 0
1531 76 0.30469 0
1532 79 0.29297 0
1533 79 0.30469 0
1534 79 0.29688 0
1535 78 0.33203 0
1536 80 0.30859 0
1537 79 0.28125 0
1538 83 0.31250 0
1539 612 0.30469 0
1540 612 0.32422 0
1541 1034 0.36328 0
1542 1034 0.35547 0
1543 89 0.35938 0
1544 89 0.30859 0
1545 89 0.31641 0
1546 93 0.26953 0
1547 95 0.27344 0
1548 93 0.26562 0
1549 93 0.27344 0
1550 95 0.28906 0
1551 572 0.33594 0
1552 94 0.30859 0
1553 591 0.28516 0
1554 591 0.27734 0
1555 592 0.24219 0
1556 589 0.22656 0
1557 589 0.27344 0
1558 591 0.26953 0
1559 591 0.26953 0
1560 588 0.25391 0
1561 587 0.24219 0
1562 588 0.27734 0
1563 583 0.29688 0
1564 117 0.23438 1
1565 117 0.23047 1
1566 120 0.25781 1
1567 118 0.22266 1
1568 121 0.18750 1
1569 121 0.17188 1
1570 123 0.18359 1
1571 124 0.16016 1
1572 124 0.13672 1
1573 126 0.09375 1
1574 127 0.12109 1
1575 129 0.10156 1
1576 129 0.12891 1
1577 131 0.14062 1
1578 131 0.12500 1
1579 132 0.12500 1
1580 134 0.16016 1
1581 137 0.12500 1
1582 137 0.08594 1
1583 137 0.09766 1
1584 139 0.12500 1
1585 140 0.07422 1
1586 141 0.08984 1
1587 141 0.09766 1
1588 143 0.10938 1
1589 144 0.10547 1
1590 145 0.07422 1
1591 146 0.12109 1
1592 147 0.10547 1
1593 148 0.13281 1
1594 150 0.16016 1
1595 150 0.13281 1
1596 152 0.16016 1
1597 152 0.12109 1
1598 153 0.11328 1
1599 154 0.13281 1
1600 156 0.12891 1
1601 157 0.15234 1
1602 158 0.15234 1
1603 159 0.10938 1
1604 160 0.07031 1
1605 160 0.09375 1
1606 162 0.08594 1
1607 163 0.07031 1
1608 164 0.07031 1
1609 165 0.06641 1
1610 166 0.11328 1
1611 167 0.12500 1
1612 169 0.11328 1
1613 169 0.08594 1
1614 170 0.09375 1
1615 172 0.12500 1
1616 172 0.08594 1
1617 173 0.07812 1
1618 174 0.08594 1
1619 176 0.08594 1
1620 177 0.09375 1
1621 177 0.11719 1
1622 179 0.07422 1
1623 180 0.08984 1
1624 182 0.09766 1
1625 183 0.09766 1
1626 184 0.09766 1
1627 185 0.08984 1
1628 186 0.10547 1
1629 188 0.11328 1
1630 190 0.11719 1
1631 192 0.11719 1
1632 194 0.12891 1
1633 195 0.08594 1
1634 196 0.07812 1
1635 198 0.11719 1
1636 200 0.11328 1
1637 202 0.13281 1
1638 204 0.16406 1
1639 202 0.22656 1
1640 206 0.28906 1
1641 205 0.35938 1
1642 1015 0.37891 0
1643 938 0.38672 0
1644 916 0.38672 0
1645 802 0.37500 0
1646 802 0.37891 0
1647 168 0.35938 0
1648 216 0.36328 0
1649 923 0.37891 0
1650 923 0.37891 0
1651 927 0.35938 0
1652 327 0.35547 0
1653 329 0.36328 0
1654 973 0.39062 0
1655 973 0.36328 0
1656 973 0.33594 0
1657 355 0.33203 0
1658 971 0.34375 0
1659 356 0.33984 0
1660 246 0.35547 0
1661 355 0.35156 0
1662 240 0.36719 0
1663 356 0.35938 0
1664 242 0.36328 0
1665 346 0.35938 0
1666 348 0.35547 0
1667 246 0.36719 0
1668 907 0.36328 0
1669 170 0.35938 0
1670 248 0.33984 0
1671 907 0.36719 0
1672 908 0.37109 0
1673 907 0.37109 0
1674 1322 0.38672 0
1675 155 0.36328 0
1676 225 0.38672 0
1677 214 0.38672 0
1678 160 0.35938 0
1679 221 0.35156 0
1680 220 0.35938 0
1681 298 0.37500 0
1682 1309 0.34375 0
1683 1309 0.34375 0
1684 1312 0.34375 0
1685 1312 0.35547 0
1686 1313 0.33203 0
1687 461 0.30078 0
1688 459 0.34375 0
1689 458 0.30469 0
1690 824 0.33594 0
1691 825 0.33203 0
1692 410 0.34375 0
1693 452 0.32422 0
1694 1375 0.38672 0
1695 1374 0.33594 0
1696 1375 0.36328 0
1697 829 0.39844 0
1698 1370 0.40234 0
1699 1372 0.34375 0
1700 1374 0.32812 0
1701 764 0.37891 0
1702 719 0.35547 0
1703 764 0.32422 0
1704 548 0.33984 0
1705 545 0.34766 0
1706 548 0.37109 0
1707 849 0.33203 0
1708 569 0.35938 0
1709 572 0.32812 0
1710 1394 0.35547 0
1711 1395 0.33984 0
1712 1402 0.36328 0
1713 114 0.35156 0
1714 586 0.34766 0
1715 748 0.32812 0
1716 752 0.35547 0
1717 748 0.35547 0
1718 745 0.37500 0
1719 589 0.34766 0
1720 589 0.35156 0
1721 589 0.34375 0
1722 589 0.32422 0
1723 752 0.36328 0
1724 114 0.32031 0
1725 588 0.31641 0
1726 110 0.31641 0
1727 115 0.32812 0
1728 118 0.35547 0
1729 849 0.37500 0
1730 563 0.36328 0
1731 536 0.36328 0
1732 368 0.34766 0
1733 406 0.37109 0
1734 536 0.38281 0
1735 362 0.32031 0
1736 361 0.32031 0
1737 361 0.32812 0
1738 140 0.32031 0
1739 359 0.32422 0
1740 140 0.29297 0
1741 145 0.33984 0
1742 148 0.37891 0
1743 508 0.34766 0
1744 148 0.33984 0
1745 786 0.36719 0
1746 165 0.33594 0
1747 786 0.37500 0
1748 786 0.36328 0
1749 465 0.37891 0
1750 464 0.34766 0
1751 466 0.35938 0
1752 61 0.36719 0
1753 62 0.33594 0
1754 470 0.35156 0
1755 471 0.33594 0
1756 889 0.35938 0
1757 313 0.36328 0
1758 312 0.37109 0
1759 316 0.35938 0
1760 221 0.36719 0
1761 223 0.37109 0
1762 318 0.37891 0
1763 521 0.35938 0
1764 365 0.36719 0
1765 525 0.37109 0
1766 522 0.32422 0
1767 186 0.39062 0
1768 185 0.37891 0
1769 188 0.35156 0
1770 250 0.37891 0
1771 316 0.38281 0
1772 237 0.42188 0
1773 312 0.36719 0
1774 253 0.39844 0
1775 333 0.37891 0
1776 255 0.38281 0
1777 886 0.39453 0
1778 886 0.36328 0
1779 886 0.38281 0
1780 934 0.36328 0
1781 936 0.35156 0
1782 890 0.37109 0
1783 890 0.36328 0
1784 925 0.31641 0
1785 924 0.39844 0
1786 924 0.38281 0
1787 1004 0.33203 0
1788 1004 0.36719 0
1789 1004 0.33203 0
1790 927 0.35547 0
1791 788 0.37109 0
1792 1002 0.38672 0
1793 1004 0.35547 0
1794 1004 0.36328 0
1795 903 0.33203 0
1796 902 0.39062 0
1797 936 0.39062 0
1798 942 0.39453 0
1799 1013 0.34375 0
1800 1013 0.37500 0
1801 941 0.37109 0
1802 943 0.33594 0
1803 943 0.37109 0
1804 1012 0.36328 0
1805 806 0.37109 0
1806 937 0.36719 0
1807 806 0.37500 0
1808 235 0.30469 0
1809 799 0.37891 0
1810 975 0.34766 0
1811 976 0.32422 0
1812 805 0.35938 0
1813 974 0.34766 0
1814 252 0.33203 0
1815 253 0.32031 0
1816 253 0.31641 0
1817 232 0.36328 0
1818 327 0.34766 0
1819 330 0.34375 0
1820 241 0.33594 0
1821 329 0.33594 0
1822 241 0.36328 0
1823 241 0.37891 0
1824 244 0.37891 0
1825 786 0.38672 0
1826 241 0.38281 0
1827 788 0.39062 0
1828 786 0.36328 0
1829 784 0.34375 0
1830 253 0.39844 0
1831 338 0.36719 0
1832 164 0.34766 0
1833 934 0.37109 0
1834 934 0.36719 0
1835 987 0.37109 0
1836 916 0.40234 0
1837 501 0.40234 0
1838 496 0.39453 0
1839 496 0.41016 0
1840 333 0.38672 0
1841 333 0.33594 0
1842 795 0.33203 0
1843 798 0.34766 0
1844 795 0.34766 0
1845 795 0.35938 0
1846 920 0.38281 0
1847 925 0.36719 0
1848 1002 0.37891 0
1849 934 0.38672 0
1850 223 0.37500 0
1851 226 0.33984 0
1852 227 0.32031 0
1853 229 0.36719 0
1854 247 0.35156 0
1855 248 0.32422 0
1856 231 0.33984 0
1857 232 0.35938 0
1858 236 0.36719 0
1859 253 0.28516 0
1860 253 0.33203 0
1861 783 0.33594 0
1862 256 0.33203 0
1863 256 0.32422 0
1864 256 0.32812 0
1865 789 0.35547 0
1866 223 0.31641 0
1867 789 0.35156 0
1868 248 0.34375 0
1869 930 0.35156 0
1870 788 0.35547 0
1871 930 0.34375 0
1872 934 0.34766 0
1873 789 0.37109 0
1874 788 0.36328 0
1875 239 0.34766 0
1876 882 0.37500 0
1877 242 0.39062 0
1878 274 0.34375 0
1879 902 0.37109 0
1880 316 0.34766 0
1881 317 0.36719 0
1882 807 0.36328 0
1883 812 0.34766 0
1884 807 0.36719 0
1885 171 0.35938 0
1886 1577 0.38281 0
1887 1004 0.39062 0
1888 1300 0.38672 0
1889 326 0.39844 0
1890 972 0.36719 0
1891 973 0.36719 0
1892 973 0.34766 0
1893 223 0.37891 0
1894 972 0.38281 0
1895 805 0.35156 0
1896 220 0.35547 0
1897 1013 0.38281 0
1898 892 0.38672 0
1899 970 0.39453 0
1900 930 0.39062 0
1901 933 0.36719 0
1902 1311 0.35938 0
1903 1311 0.38672 0
1904 928 0.37109 0
1905 932 0.37500 0
1906 928 0.37109 0
1907 1004 0.36719 0
1908 930 0.36719 0
1909 918 0.41797 0
1910 209 0.42578 0
1911 978 0.37891 0
1912 918 0.41016 0
1913 982 0.37500 0
1914 978 0.37891 0
1915 980 0.32812 0
1916 979 0.39062 0
1917 356 0.36719 0
1918 971 0.37109 0
1919 972 0.37500 0
1920 1331 0.40234 0
1921 908 0.33594 0
1922 910 0.36328 0
1923 910 0.33594 0
1924 972 0.35156 0
1925 972 0.35547 0
1926 972 0.34766 0
1927 969 0.35938 0
1928 968 0.33594 0
1929 967 0.31641 0
1930 967 0.31641 0
1931 967 0.32812 0
1932 968 0.30859 0
1933 1333 0.30859 0
1934 1333 0.32812 0
1935 968 0.33203 0
1936 965 0.32422 0
1937 965 0.34375 0
1938 968 0.33203 0
1939 1334 0.37109 0
1940 1323 0.33594 0
1941 962 0.30078 0
1942 962 0.31641 0
1943 1334 0.31250 0
1944 964 0.31250 0
1945 552 0.31641 0
1946 569 0.30859 0
1947 571 0.29688 0
1948 571 0.31250 0
1949 569 0.30469 0
1950 571 0.28516 0
1951 568 0.33594 0
1952 958 0.33203 0
1953 958 0.28906 0
1954 958 0.33203 0
1955 575 0.33984 0
1956 568 0.34766 0
1957 571 0.37500 0
1958 573 0.37500 0
1959 117 0.37109 0
1960 95 0.35938 0
1961 95 0.36719 0
1962 117 0.37891 0
1963 1028 0.39453 0
1964 98 0.35156 0
1965 1550 0.35938 0
1966 1560 0.39453 0
1967 52 0.37500 0
1968 52 0.36719 0
1969 1012 0.39062 0
1970 1012 0.34766 0
1971 892 0.37891 0
1972 52 0.37500 0
1973 891 0.36719 0
1974 1024 0.33984 0
1975 1447 0.37891 0
1976 1053 0.37891 0
1977 695 0.37891 0
1978 686 0.35156 0
1979 46 0.36328 0
1980 43 0.34766 0
1981 43 0.33203 0
1982 39 0.34766 0
1983 39 0.28906 0
1984 772 0.34375 0
1985 772 0.35938 0
1986 76 0.34375 0
1987 72 0.33203 0
1988 75 0.29297 0
1989 75 0.32812 0
1990 644 0.32422 0
1991 644 0.32031 0
1992 686 0.32031 0
1993 290 0.37500 0
1994 1012 0.37500 0
1995 249 0.40234 0
1996 1010 0.39453 0
1997 1010 0.33203 0
1998 1010 0.36719 0
1999 209 0.37891 0
2000 1649 0.36328 0
2001 209 0.38672 0
2002 61 0.33984 0
2003 1014 0.39844 0
2004 996 0.37500 0
2005 59 0.31641 0
2006 59 0.33203 0
2007 696 0.34766 0
2008 1010 0.33984 0
2009 1512 0.35156 0
2010 1013 0.35547 0
2011 1014 0.35547 0
2012 1513 0.35156 0
2013 1512 0.31250 0
2014 1009 0.35938 0
2015 996 0.34766 0
2016 1010 0.34766 0
2017 998 0.35156 0
2018 1000 0.35938 0
2019 701 0.36328 0
2020 1512 0.32812 0
2021 1510 0.35547 0
2022 1510 0.33203 0
2023 1007 0.37109 0
2024 1632 0.39844 0
2025 407 0.39062 0
2026 404 0.37109 0
2027 1010 0.38672 0
2028 1010 0.36719 0
2029 1018 0.38281 0
2030 589 0.35938 0
2031 709 0.39062 0
2032 699 0.36328 0
2033 390 0.39453 0
2034 296 0.38672 0
2035 388 0.40234 0
2036 697 0.34375 0
2037 987 0.37109 0
2038 296 0.38672 0
2039 1010 0.35156 0
2040 1513 0.35547 0
2041 1010 0.35156 0
2042 942 0.37109 0
2043 942 0.37891 0
2044 891 0.36719 0
2045 927 0.32812 0
2046 903 0.37500 0
2047 922 0.38281 0
2048 1005 0.34375 0
2049 1004 0.35547 0
2050 209 0.35547 0
2051 1007 0.37109 0
2052 900 0.37891 0
2053 1642 0.37891 0
2054 1012 0.33203 0
2055 885 0.36328 0
2056 882 0.37891 0
2057 893 0.39453 0
2058 805 0.36719 0
2059 1019 0.34375 0
2060 1019 0.34375 0
2061 799 0.35156 0
2062 1652 0.38281 0
2063 928 0.37500 0
2064 1675 0.39453 0
2065 923 0.37109 0
2066 794 0.34766 0
2067 794 0.34375 0
2068 795 0.33594 0
2069 1004 0.36719 0
2070 928 0.35156 0
2071 928 0.36328 0
2072 925 0.37891 0
2073 921 0.37109 0
2074 921 0.39062 0
2075 1681 0.35156 0
2076 921 0.37109 0
2077 1000 0.41406 0
2078 919 0.41406 0
2079 1013 0.39844 0
2080 1683 0.36328 0
2081 932 0.41016 0
2082 985 0.38672 0
2083 968 0.36328 0
2084 195 0.39453 0
2085 1680 0.37500 0
2086 964 0.38672 0
2087 942 0.37500 0
2088 960 0.37109 0
2089 942 0.37891 0
2090 944 0.38281 0
2091 813 0.41016 0
2092 902 0.39844 0
2093 934 0.39844 0
2094 813 0.39453 0
2095 813 0.39062 0
2096 1280 0.39062 0
2097 399 0.41797 0
2098 1280 0.39844 0
2099 1280 0.38281 0
2100 428 0.43750 0
2101 418 0.43359 0
2102 961 0.42188 0
2103 1264 0.43359 0
2104 750 0.42578 0
2105 1273 0.39062 0
2106 433 0.41797 0
2107 431 0.41406 0
2108 433 0.41406 0
2109 427 0.43359 0
2110 421 0.41797 0
2111 421 0.39844 0
2112 421 0.39062 0
2113 1550 0.33203 0
2114 423 0.38281 0
2115 746 0.39453 0
2116 744 0.37109 0
2117 1015 0.40234 0
2118 950 0.39062 0
2119 1015 0.39062 0
2120 433 0.40625 0
2121 751 0.40625 0
2122 950 0.40625 0
2123 424 0.42188 0
2124 751 0.39453 0
2125 950 0.40625 0
2126 1729 0.38281 0
2127 1729 0.38281 0
2128 958 0.38281 0
2129 1729 0.37109 0
2130 1729 0.40234 0
2131 952 0.35938 0
2132 958 0.41016 0
2133 416 0.41406 0
2134 828 0.37500 0
2135 828 0.37891 0
2136 827 0.39453 0
2137 1692 0.37891 0
2138 767 0.42188 0
2139 513 0.37500 0
2140 513 0.37891 0
2141 70 0.35156 0
2142 70 0.35156 0
2143 69 0.38281 0
2144 1529 0.37109 0
2145 69 0.36719 0
2146 650 0.36328 0
2147 659 0.34375 0
2148 644 0.34375 0
2149 672 0.37109 0
2150 787 0.35938 0
2151 654 0.36328 0
2152 308 0.39453 0
2153 502 0.38672 0
2154 310 0.35938 0
2155 782 0.38672 0
2156 888 0.35938 0
2157 652 0.33984 0
2158 494 0.34766 0
2159 1012 0.36328 0
2160 1510 0.34375 0
2161 1516 0.34375 0
2162 318 0.34375 0
2163 1517 0.33984 0
2164 804 0.36328 0
2165 804 0.33203 0
2166 804 0.35938 0
2167 268 0.34766 0
2168 801 0.30859 0
2169 805 0.32031 0
2170 171 0.32812 0
2171 938 0.32812 0
2172 801 0.32422 0
2173 1507 0.33984 0
2174 1507 0.33203 0
2175 1522 0.33203 0
2176 1503 0.29688 0
2177 1863 0.36719 0
2178 310 0.33984 0
2179 888 0.32812 0
2180 465 0.32422 0
2181 307 0.35156 0
2182 1874 0.36328 0
2183 1873 0.37109 0
2184 1873 0.36719 0
2185 411 0.34766 0
2186 810 0.35938 0
2187 247 0.35547 0
2188 983 0.35547 0
2189 247 0.36719 0
2190 392 0.37500 0
2191 247 0.36719 0
2192 247 0.35938 0
2193 1616 0.36719 0
2194 170 0.36719 0
2195 1650 0.37891 0
2196 1012 0.36719 0
2197 1794 0.33594 0
2198 1794 0.33594 0
2199 1652 0.32031 0
2200 1650 0.34766 0
2201 1795 0.37891 0
2202 924 0.32812 0
2203 919 0.35156 0
2204 793 0.38672 0
2205 922 0.37109 0
2206 1877 0.37109 0
2207 1877 0.37500 0
2208 1897 0.39062 0
2209 1756 0.39453 0
2210 886 0.40234 0
2211 1755 0.36328 0
2212 886 0.37109 0
2213 1512 0.34766 0
2214 1513 0.36719 0
2215 889 0.37109 0
2216 1010 0.37109 0
2217 668 0.37891 0
2218 639 0.32812 0
2219 639 0.35547 0
2220 639 0.35547 0
2221 770 0.37109 0
2222 1433 0.37109 0
2223 610 0.36328 0
2224 610 0.33594 0
2225 80 0.38281 0
2226 182 0.37109 0
2227 181 0.36719 0
2228 1368 0.37500 0
2229 1365 0.33594 0
2230 1371 0.33984 0
2231 1371 0.32812 0
2232 1371 0.31250 0
2233 1374 0.32812 0
2234 716 0.36719 0
2235 1375 0.36719 0
2236 1375 0.32422 0
2237 1425 0.33594 0
2238 1426 0.34375 0
2239 1357 0.35938 0
2240 1706 0.34766 0
2241 1706 0.32812 0
2242 1706 0.33203 0
2243 1707 0.32031 0
2244 1707 0.27344 0
2245 1707 0.29297 0
2246 1707 0.29688 0
2247 1707 0.28125 0
2248 1387 0.30469 0
2249 1391 0.28516 0
2250 1391 0.30078 0
2251 1393 0.23828 0
2252 1394 0.27734 0
2253 1394 0.25391 0
2254 1394 0.28906 0
2255 1394 0.30078 0
2256 1395 0.29688 0
2257 1394 0.31250 0
2258 586 0.33594 0
2259 1414 0.32422 0
2260 585 0.32812 0
2261 585 0.32422 0
2262 855 0.31250 0
2263 1409 0.33984 0
2264 1407 0.32812 0
2265 1407 0.30469 0
2266 1722 0.35547 0
2267 1408 0.35156 0
2268 1409 0.32422 0
2269 1720 0.32812 0
2270 1722 0.32812 0
2271 1722 0.33984 0
2272 1722 0.30469 0
2273 1721 0.31641 0
2274 1387 0.37109 0
2275 378 0.32812 0
2276 378 0.32031 0
2277 378 0.34375 0
2278 378 0.33984 0
2279 375 0.32812 0
2280 374 0.32812 0
2281 565 0.33984 0
2282 535 0.31250 0
2283 565 0.31250 0
2284 533 0.31250 0
2285 529 0.33984 0
2286 605 0.33203 0
2287 1734 0.39062 0
2288 367 0.38672 0
2289 366 0.35938 0
2290 365 0.37891 0
2291 1358 0.39453 0
2292 614 0.35156 0
2293 983 0.38672 0
2294 1503 0.37500 0
2295 311 0.34375 0
2296 310 0.37891 0
2297 311 0.33594 0
2298 1520 0.39844 0
2299 701 0.37500 0
2300 700 0.35938 0
2301 1755 0.37109 0
2302 1447 0.37109 0
2303 699 0.33594 0
2304 697 0.33594 0
2305 1446 0.37891 0
2306 60 0.37500 0
2307 704 0.37500 0
2308 1448 0.37891 0
2309 1559 0.36719 0
2310 2001 0.36328 0
2311 2001 0.38281 0
2312 694 0.38281 0
2313 2003 0.36328 0
2314 2004 0.34375 0
2315 58 0.39062 0
2316 1551 0.38281 0
2317 1564 0.34766 0
2318 1563 0.39453 0
2319 589 0.34766 0
2320 631 0.40234 0
2321 1730 0.39062 0
2322 1729 0.39453 0
2323 630 0.40234 0
2324 392 0.42969 0
2325 1058 0.40234 0
2326 1058 0.39844 0
2327 416 0.41406 0
2328 392 0.38672 0
2329 391 0.38672 0
2330 407 0.39844 0
2331 1409 0.38281 0
2332 858 0.40625 0
2333 1059 0.35938 0
2334 630 0.41016 0
2335 630 0.40234 0
2336 16 0.39062 0
2337 1151 0.39453 0
2338 1728 0.37891 0
2339 1068 0.41016 0
2340 856 0.39453 0
2341 4 0.35938 0
2342 6 0.38281 0
2343 4 0.31641 0
2344 5 0.35938 0
2345 860 0.41797 0
2346 4 0.35156 0
2347 6 0.36719 0
2348 8 0.36719 0
2349 1241 0.39062 0
2350 1203 0.40234 0
2351 1203 0.39062 0
2352 1143 0.40625 0
2353 1706 0.41406 0
2354 727 0.41797 0
2355 1707 0.40625 0
2356 733 0.40234 0
2357 732 0.41406 0
2358 728 0.36719 0
2359 727 0.38672 0
2360 724 0.36328 0
2361 724 0.35156 0
2362 1109 0.40234 0
2363 437 0.38281 0
2364 1150 0.36719 0
2365 1148 0.37109 0
2366 751 0.36328 0
2367 1203 0.41797 0
2368 420 0.44141 0
2369 1114 0.44141 0
2370 1147 0.42969 0
2371 433 0.41406 0
2372 750 0.39062 0
2373 751 0.40625 0
2374 383 0.40234 0
2375 1280 0.40625 0
2376 97 0.39453 0
2377 1396 0.38281 0
2378 1396 0.39062 0
2379 819 0.36328 0
2380 413 0.37891 0
2381 2034 0.38672 0
2382 399 0.37500 0
2383 2020 0.36719 0
2384 933 0.35547 0
2385 1684 0.33594 0
2386 934 0.37500 0
2387 304 0.37500 0
2388 1651 0.38281 0
2389 1003 0.35156 0
2390 1651 0.35547 0
2391 1677 0.38281 0
2392 326 0.36328 0
2393 326 0.36719 0
2394 906 0.33203 0
2395 906 0.37891 0
2396 1650 0.33984 0
2397 1884 0.37109 0
2398 1885 0.37109 0
2399 937 0.38281 0
2400 972 0.35156 0
2401 973 0.38672 0
2402 899 0.36328 0
2403 972 0.39062 0
2404 900 0.35156 0
2405 900 0.36719 0
2406 901 0.35547 0
2407 902 0.35547 0
2408 923 0.35938 0
2409 924 0.33984 0
2410 924 0.32031 0
2411 1884 0.36328 0
2412 1884 0.35547 0
2413 1884 0.34375 0
2414 2050 0.34375 0
2415 929 0.38672 0
2416 1868 0.33594 0
2417 1868 0.34375 0
2418 1670 0.36328 0
2419 1780 0.35938 0
2420 1800 0.38672 0
2421 891 0.37891 0
2422 890 0.38672 0
2423 891 0.37500 0
2424 891 0.37109 0
2425 1014 0.34766 0
2426 214 0.33984 0
2427 212 0.36719 0
2428 1018 0.33594 0
2429 205 0.29297 0
2430 209 0.32031 0
2431 207 0.28906 0
2432 205 0.30078 0
2433 205 0.33203 0
2434 206 0.29688 0
2435 204 0.33203 0
2436 205 0.30469 0
2437 385 0.28906 1
2438 387 0.25000 1
2439 387 0.25000 1
2440 387 0.19141 1
2441 387 0.16016 1
2442 388 0.12109 1
2443 388 0.13281 1
2444 391 0.14453 1
2445 392 0.12109 1
2446 392 0.11328 1
2447 392 0.13672 1
2448 395 0.14062 1
2449 395 0.12500 1
2450 398 0.10938 1
2451 398 0.10547 1
2452 398 0.13281 1
2453 401 0.16016 1
2454 401 0.13672 1
2455 402 0.11719 1
2456 402 0.09766 1
2457 405 0.11328 1
2458 407 0.10547 1
2459 408 0.08203 1
2460 410 0.07812 1
2461 410 0.10547 1
2462 412 0.09375 1
2463 415 0.12891 1
2464 416 0.14453 1
2465 416 0.14062 1
2466 417 0.18359 1
2467 418 0.21875 1
2468 415 0.27344 1
2469 409 0.39844 0
2470 383 0.41016 0
2471 298 0.37109 0
2472 389 0.37891 0
2473 389 0.35547 0
2474 389 0.36328 0
2475 1388 0.34375 0
2476 586 0.35938 0
2477 586 0.33203 0
2478 579 0.35938 0
2479 581 0.35938 0
2480 1709 0.35156 0
2481 389 0.34766 0
2482 400 0.34766 0
2483 402 0.33203 0
2484 402 0.35547 0
2485 387 0.32422 0
2486 419 0.33203 0
2487 390 0.33594 0
2488 390 0.34766 0
2489 416 0.32422 0
2490 416 0.30078 0
2491 416 0.28125 0
2492 419 0.30859 0
2493 416 0.31641 0
2494 416 0.34375 0
2495 420 0.30469 0
2496 420 0.35938 0
2497 420 0.33594 0
2498 2029 0.33203 0
2499 416 0.35938 0
2500 2029 0.35547 0
2501 2012 0.35938 0
2502 2013 0.33203 0
2503 2012 0.33984 0
2504 1019 0.32812 0
2505 1019 0.32812 0
2506 2034 0.33594 0
2507 1056 0.37500 0
2508 1058 0.37891 0
2509 1057 0.35547 0
2510 1057 0.36328 0
2511 2038 0.37891 0
2512 1058 0.38281 0
2513 2037 0.36719 0
2514 1027 0.35156 0
2515 2038 0.36719 0
2516 293 0.36328 0
2517 396 0.35938 0
2518 396 0.37109 0
2519 393 0.35547 0
2520 409 0.35156 0
2521 867 0.32812 0
2522 867 0.33594 0
2523 864 0.34766 0
2524 867 0.33203 0
2525 624 0.33984 0
2526 1036 0.36328 0
2527 1036 0.33594 0
2528 309 0.33203 0
2529 672 0.32031 0
2530 309 0.36328 0
2531 2162 0.37891 0
2532 310 0.33984 0
2533 877 0.32422 0
2534 316 0.30859 0
2535 662 0.34766 0
2536 1046 0.32422 0
2537 1046 0.32031 0
2538 296 0.35547 0
2539 320 0.32812 0
2540 320 0.33984 0
2541 658 0.33594 0
2542 320 0.34766 0
2543 306 0.35938 0
2544 306 0.33203 0
2545 305 0.38672 0
2546 306 0.35156 0
2547 1492 0.36719 0
2548 776 0.34766 0
2549 776 0.35547 0
2550 776 0.33594 0
2551 776 0.33203 0
2552 646 0.27344 0
2553 646 0.30078 0
2554 673 0.29688 0
2555 671 0.27734 0
2556 672 0.33594 0
2557 642 0.32812 0
2558 642 0.31641 0
2559 774 0.34766 0
2560 342 0.35156 0
2561 1327 0.38281 0
2562 1455 0.34766 0
2563 237 0.35938 0
2564 345 0.37891 0
2565 977 0.37500 0
2566 798 0.40234 0
2567 2021 0.40625 0
2568 1512 0.39062 0
2569 918 0.35547 0
2570 1753 0.37500 0
2571 1752 0.40625 0
2572 2216 0.37500 0
2573 2216 0.37891 0
2574 2215 0.36328 0
2575 1781 0.36328 0
2576 2155 0.37500 0
2577 2212 0.37109 0
2578 2212 0.37500 0
2579 2159 0.37500 0
2580 2159 0.39062 0
2581 2203 0.36328 0
2582 1514 0.35156 0
2583 1514 0.37500 0
2584 1514 0.37891 0
2585 395 0.38672 0
2586 395 0.39453 0
2587 395 0.37891 0
2588 842 0.41406 0
2589 839 0.39062 0
2590 1543 0.39062 0
2591 2288 0.33984 0
2592 1544 0.37109 0
2593 2196 0.38672 0
2594 838 0.37500 0
2595 2236 0.33984 0
2596 2236 0.33203 0
2597 2236 0.33594 0
2598 2234 0.31641 0
2599 843 0.39062 0
2600 2282 0.37500 0
2601 873 0.37891 0
2602 410 0.37109 0
2603 1386 0.33984 0
2604 1386 0.29688 0
2605 1395 0.32812 0
2606 2274 0.29688 0
2607 1397 0.29688 0
2608 2275 0.32031 0
2609 2275 0.32422 0
2610 2275 0.32812 0
2611 114 0.33984 0
2612 2273 0.35156 0
2613 749 0.34375 0
2614 2275 0.33984 0
2615 109 0.37891 0
2616 110 0.32812 0
2617 2256 0.35156 0
2618 1398 0.32422 0
2619 1394 0.32812 0
2620 1397 0.31641 0
2621 1394 0.31641 0
2622 396 0.33203 0
2623 1544 0.29297 0
2624 1543 0.29297 0
2625 1543 0.33203 0
2626 1541 0.35547 0
2627 1541 0.34375 0
2628 768 0.33984 0
2629 877 0.30859 0
2630 1459 0.36328 0
2631 1534 0.30078 0
2632 776 0.33594 0
2633 646 0.32031 0
2634 677 0.28906 0
2635 677 0.28516 0
2636 675 0.30469 0
2637 348 0.33203 0
2638 354 0.32031 0
2639 648 0.33203 0
2640 353 0.33984 0
2641 353 0.33594 0
2642 304 0.34766 0
2643 670 0.32031 0
2644 805 0.35547 0
2645 327 0.30469 0
2646 255 0.37109 0
2647 310 0.31641 0
2648 662 0.30469 0
2649 310 0.28906 0
2650 662 0.31641 0
2651 332 0.32422 0
2652 333 0.30859 0
2653 334 0.30859 0
2654 253 0.28906 0
2655 789 0.30078 0
2656 253 0.32422 0
2657 347 0.31250 0
2658 347 0.32031 0
2659 345 0.29297 0
2660 347 0.29688 0
2661 345 0.29688 0
2662 672 0.30078 0
2663 2189 0.35547 0
2664 347 0.31641 0
2665 670 0.31641 0
2666 347 0.33594 0
2667 2189 0.34766 0
2668 247 0.32031 0
2669 1994 0.33594 0
2670 973 0.35547 0
2671 220 0.35547 0
2672 1994 0.34375 0
2673 1994 0.35156 0
2674 287 0.33203 0
2675 672 0.28906 0
2676 659 0.28125 0
2677 638 0.31250 0
2678 638 0.33203 0
2679 689 0.33984 0
2680 368 0.34375 0
2681 370 0.33203 0
2682 841 0.31641 0
2683 875 0.33203 0
2684 876 0.31641 0
2685 604 0.32031 0
2686 604 0.33984 0
2687 638 0.30469 0
2688 548 0.34766 0
2689 847 0.32422 0
2690 615 0.32812 0
2691 878 0.32422 0
2692 636 0.30859 0
2693 272 0.33203 0
2694 879 0.30078 0
2695 374 0.33984 0
2696 2190 0.32031 0
2697 2190 0.37500 0
2698 296 0.33594 0
2699 385 0.34375 0
2700 385 0.34375 0
2701 2383 0.35156 0
2702 1051 0.32812 0
2703 1637 0.35547 0
2704 200 0.36328 0
2705 2183 0.31641 0
2706 202 0.34375 0
2707 262 0.37500 0
2708 261 0.33984 0
2709 208 0.37109 0
2710 208 0.37891 0
2711 208 0.39453 0
2712 1681 0.42188 0
2713 261 0.40234 0
2714 213 0.41016 0
2715 978 0.34766 0
2716 1773 0.33203 0
2717 262 0.39453 0
2718 1882 0.39453 0
2719 2190 0.39844 0
2720 290 0.35547 0
2721 290 0.36328 0
2722 248 0.40234 0
2723 776 0.39062 0
2724 1617 0.39844 0
2725 775 0.37500 0
2726 874 0.37500 0
2727 775 0.38281 0
2728 1762 0.33984 0
2729 1762 0.33984 0
2730 770 0.37109 0
2731 879 0.34375 0
2732 879 0.34375 0
2733 238 0.31641 0
2734 242 0.37500 0
2735 238 0.35547 0
2736 2392 0.37891 0
2737 776 0.37891 0
2738 1656 0.33203 0
2739 1656 0.33984 0
2740 972 0.37109 0
2741 150 0.37109 0
2742 505 0.35547 0
2743 1597 0.37109 0
2744 782 0.36719 0
2745 154 0.38281 0
2746 271 0.35547 0
2747 196 0.35156 0
2748 1634 0.37891 0
2749 653 0.39453 0
2750 472 0.40234 0
2751 654 0.39062 0
2752 887 0.36719 0
2753 294 0.34375 0
2754 69 0.37500 0
2755 333 0.38672 0
2756 473 0.37109 0
2757 668 0.39453 0
2758 221 0.35156 0
2759 221 0.33203 0
2760 805 0.32422 0
2761 2196 0.34375 0
2762 805 0.33203 0
2763 175 0.33984 0
2764 805 0.35938 0
2765 805 0.35547 0
2766 2396 0.35156 0
2767 799 0.34766 0
2768 1816 0.38672 0
2769 802 0.32812 0
2770 319 0.33594 0
2771 1866 0.32422 0
2772 2190 0.36328 0
2773 787 0.31641 0
2774 787 0.34766 0
2775 2159 0.35547 0
2776 333 0.30859 0
2777 1873 0.31250 0
2778 936 0.33203 0
2779 792 0.31641 0
2780 793 0.28906 0
2781 793 0.29297 0
2782 795 0.32812 0
2783 793 0.26953 0
2784 793 0.31641 0
2785 788 0.28125 0
2786 784 0.32422 0
2787 232 0.31250 0
2788 231 0.28516 0
2789 235 0.33594 0
2790 318 0.36719 0
2791 1833 0.35547 0
2792 1857 0.35156 0
2793 1858 0.32812 0
2794 1856 0.31641 0
2795 916 0.36719 0
2796 1849 0.36719 0
2797 787 0.36719 0
2798 1826 0.35938 0
2799 1827 0.38281 0
2800 1827 0.36719 0
2801 784 0.37891 0
2802 1822 0.36328 0
2803 1845 0.36719 0
2804 1824 0.37109 0
2805 1824 0.38672 0
2806 1908 0.32812 0
2807 929 0.36719 0
2808 1815 0.37500 0
2809 928 0.37891 0
2810 793 0.36719 0
2811 793 0.39062 0
2812 1842 0.36328 0
2813 789 0.39062 0
2814 333 0.36719 0
2815 1863 0.37500 0
2816 1859 0.36719 0
2817 1859 0.34375 0
2818 1757 0.34375 0
2819 1758 0.34375 0
2820 315 0.40625 0
2821 342 0.40625 0
2822 1600 0.36328 0
2823 1599 0.39062 0
2824 342 0.37109 0
2825 1596 0.36719 0
2826 1828 0.36328 0
2827 252 0.37500 0
2828 320 0.33984 0
2829 1828 0.34766 0
2830 1770 0.35547 0
2831 1827 0.37500 0
2832 355 0.37109 0
2833 1590 0.35156 0
2834 1588 0.35547 0
2835 1770 0.34375 0
2836 352 0.37500 0
2837 1627 0.37500 0
2838 1692 0.37109 0
2839 2221 0.39453 0
2840 1365 0.38281 0
2841 180 0.37500 0
2842 180 0.39062 0
2843 178 0.38672 0
2844 177 0.35156 0
2845 176 0.35156 0
2846 176 0.38672 0
2847 1764 0.34375 0
2848 1936 0.38672 0
2849 1931 0.34375 0
2850 1934 0.35156 0
2851 525 0.33203 0
2852 525 0.33984 0
2853 440 0.31250 0
2854 440 0.32812 0
2855 439 0.31250 0
2856 437 0.32812 0
2857 436 0.33203 0
2858 571 0.35547 0
2859 435 0.31250 0
2860 435 0.28906 0
2861 434 0.28516 0
2862 433 0.28516 0
2863 433 0.34766 0
2864 432 0.27344 0
2865 433 0.33984 0
2866 749 0.36719 0
2867 1714 0.36328 0
2868 423 0.37109 0
2869 1714 0.33203 0
2870 423 0.35156 0
2871 423 0.32422 0
2872 423 0.28906 0
2873 749 0.32812 0
2874 420 0.29297 0
2875 418 0.28906 0
2876 418 0.26953 0
2877 2494 0.26562 0
2878 418 0.29688 0
2879 2494 0.28516 0
2880 2491 0.25781 0
2881 2491 0.25781 0
2882 2491 0.22266 0
2883 2490 0.24219 0
2884 2490 0.21875 0
2885 2489 0.22656 0
2886 2489 0.24219 0
2887 2489 0.26172 0
2888 2488 0.25391 0
2889 2489 0.29297 0
2890 2487 0.28516 0
2891 2487 0.28125 0
2892 2510 0.27344 0
2893 2506 0.25391 0
2894 2482 0.29297 0
2895 2452 0.28906 0
2896 2491 0.29688 0
2897 2493 0.30078 0
2898 2499 0.28125 0
2899 2499 0.28906 0
2900 2503 0.22656 0
2901 2505 0.23438 0
2902 2505 0.25781 0
2903 2505 0.27344 0
2904 2505 0.25781 0
2905 2504 0.28125 0
2906 2491 0.26172 0
2907 2501 0.33594 0
2908 2501 0.32812 0
2909 2503 0.33203 0
2910 2505 0.36328 0
2911 2013 0.32422 0
2912 2013 0.33203 0
2913 2013 0.33984 0
2914 2006 0.35547 0
2915 2003 0.35547 0
2916 2001 0.33984 0
2917 2001 0.34375 0
2918 2001 0.30859 0
2919 2001 0.35547 0
2920 2053 0.37891 0
2921 2052 0.35156 0
2922 1011 0.35938 0
2923 2009 0.38672 0
2924 2057 0.39453 0
2925 2428 0.36719 0
2926 2056 0.38672 0
2927 2054 0.38281 0
2928 2056 0.37891 0
2929 1975 0.39453 0
2930 1975 0.33984 0
2931 1974 0.37109 0
2932 1971 0.33203 0
2933 417 0.38281 0
2934 2448 0.35547 0
2935 2447 0.37891 0
2936 419 0.42578 0
2937 2123 0.40625 0
2938 2123 0.39062 0
2939 2122 0.42188 0
2940 2490 0.40234 0
2941 2123 0.42188 0
2942 421 0.39453 0
2943 2109 0.38281 0
2944 2109 0.41406 0
2945 2109 0.41797 0
2946 2109 0.40234 0
2947 2107 0.40234 0
2948 2111 0.39453 0
2949 2108 0.38281 0
2950 2113 0.35547 0
2951 2107 0.36328 0
2952 2108 0.39453 0
2953 1945 0.37891 0
2954 2510 0.36719 0
2955 2510 0.34766 0
2956 2512 0.35156 0
2957 1934 0.32031 0
2958 1938 0.35547 0
2959 1931 0.33984 0
2960 2229 0.35156 0
2961 2229 0.35547 0
2962 2226 0.35156 0
2963 74 0.42578 0
2964 509 0.39453 0
2965 1985 0.39844 0
2966 510 0.38281 0
2967 827 0.37891 0
2968 1694 0.37891 0
2969 1694 0.35938 0
2970 1690 0.38672 0
2971 819 0.40234 0
2972 1691 0.39453 0
2973 819 0.40625 0
2974 408 0.39062 0
2975 2328 0.42578 0
2976 1067 0.38281 0
2977 1068 0.39062 0
2978 1728 0.37891 0
2979 2256 0.41016 0
2980 1724 0.40625 0
2981 2375 0.39844 0
2982 1727 0.36328 0
2983 1724 0.39844 0
2984 1714 0.37891 0
2985 1725 0.37500 0
2986 741 0.41016 0
2987 429 0.39844 0
2988 1256 0.41797 0
2989 2612 0.38281 0
2990 2612 0.40234 0
2991 741 0.38281 0
2992 737 0.40234 0
2993 1232 0.38672 0
2994 1084 0.33203 0
2995 1214 0.40234 0
2996 1160 0.35156 0
2997 1158 0.42188 0
2998 1148 0.39844 0
2999 1210 0.40234 0
3000 1073 0.40625 0
3001 1178 0.38672 0
3002 733 0.39062 0
3003 740 0.40625 0
3004 2335 0.41406 0
3005 1072 0.40625 0
3006 2349 0.39844 0
3007 413 0.42578 0
3008 2467 0.41016 0
3009 2461 0.39844 0
3010 416 0.39453 0
3011 412 0.39062 0
3012 409 0.37891 0
3013 819 0.35547 0
3014 819 0.37891 0
3015 822 0.41016 0
3016 819 0.40625 0
3017 823 0.37891 0
3018 820 0.37891 0
3019 465 0.39062 0
3020 823 0.37109 0
3021 1681 0.36328 0
3022 1679 0.35938 0
3023 1678 0.33203 0
3024 2387 0.32031 0
3025 367 0.33594 0
3026 2387 0.30469 0
3027 786 0.35156 0
3028 789 0.35547 0
3029 792 0.35938 0
3030 794 0.32422 0
3031 795 0.32812 0
3032 331 0.33594 0
3033 331 0.33203 0
3034 331 0.33984 0
3035 338 0.30469 0
3036 1594 0.33984 0
3037 338 0.32031 0
3038 338 0.30078 0
3039 338 0.30078 0
3040 784 0.31250 0
3041 2640 0.32812 0
3042 2662 0.28125 0
3043 2640 0.32031 0
3044 2665 0.29688 0
3045 2665 0.28906 0
3046 2640 0.30469 0
3047 786 0.34766 0
3048 359 0.31250 0
3049 359 0.35156 0
3050 359 0.37500 0
3051 232 0.37891 0
3052 788 0.34375 0
3053 1856 0.35547 0
3054 229 0.36328 0
3055 1617 0.37109 0
3056 230 0.33594 0
3057 788 0.29297 0
3058 2655 0.29297 0
3059 2655 0.28906 0
3060 2657 0.25781 0
3061 2657 0.28516 0
3062 2655 0.29688 0
3063 655 0.32422 0
3064 2658 0.35938 0
3065 2658 0.34766 0
3066 2657 0.35156 0
3067 350 0.36328 0
3068 351 0.33203 0
3069 2671 0.28906 0
3070 2671 0.32422 0
3071 2672 0.33594 0
3072 2676 0.37500 0
3073 2677 0.33984 0
3074 232 0.33594 0
3075 173 0.35938 0
3076 1995 0.35938 0
3077 2725 0.39844 0
3078 2628 0.36719 0
3079 2651 0.33203 0
3080 2651 0.31250 0
3081 2648 0.30859 0
3082 237 0.34766 0
3083 279 0.34766 0
3084 2531 0.33203 0
3085 2392 0.37891 0
3086 1484 0.34766 0
3087 2659 0.33203 0
3088 901 0.33984 0
3089 931 0.35547 0
3090 2172 0.33203 0
3091 1780 0.34766 0
3092 1997 0.37891 0
3093 937 0.33594 0
3094 1779 0.39453 0
3095 920 0.36328 0
3096 920 0.37891 0
3097 2208 0.40234 0
3098 1350 0.37500 0
3099 2208 0.38672 0
3100 2041 0.36719 0
3101 2041 0.41797 0
3102 2505 0.37500 0
3103 2436 0.37500 0
3104 2506 0.32812 0
3105 2507 0.31250 0
3106 2507 0.36719 0
3107 1014 0.37500 0
3108 2431 0.34375 0
3109 2431 0.35156 0
3110 2428 0.40234 0
3111 211 0.33594 0
3112 385 0.41406 0
3113 385 0.39062 0
3114 385 0.37109 0
3115 214 0.32422 0
3116 213 0.34766 0
3117 218 0.33594 0
3118 1996 0.38281 0
3119 2189 0.38672 0
3120 222 0.36719 0
3121 2722 0.32031 0
3122 1631 0.30078 0
3123 222 0.33203 0
3124 1631 0.35156 0
3125 1631 0.34766 0
3126 190 0.31250 0
3127 190 0.29297 0
3128 190 0.33984 0
3129 187 0.31641 0
3130 187 0.32812 0
3131 187 0.32812 0
3132 229 0.34766 0
3133 232 0.35938 0
3134 236 0.33203 0
3135 237 0.29688 0
3136 237 0.30078 0
3137 236 0.31250 0
3138 236 0.32422 0
3139 1861 0.34375 0
3140 1861 0.32812 0
3141 1861 0.35547 0
3142 884 0.36719 0
3143 258 0.38281 0
3144 2214 0.37891 0
3145 381 0.31641 0
3146 1681 0.36719 0
3147 387 0.32031 0
3148 387 0.35156 0
3149 390 0.37500 0
3150 389 0.37109 0
3151 391 0.39062 0
3152 391 0.36328 0
3153 2623 0.30078 0
3154 2622 0.31641 0
3155 836 0.33984 0
3156 2531 0.35938 0
3157 223 0.35156 0
3158 222 0.35547 0
3159 2728 0.33203 0
3160 225 0.33203 0
3161 2628 0.30469 0
3162 2629 0.28906 0
3163 232 0.28906 0
3164 320 0.33203 0
3165 320 0.36328 0
3166 2631 0.33594 0
3167 2660 0.33594 0
3168 2638 0.36719 0
3169 2638 0.33984 0
3170 2666 0.35547 0
3171 2666 0.38281 0
3172 2661 0.37109 0
3173 2641 0.36719 0
3174 2181 0.36328 0
3175 2644 0.36328 0
3176 672 0.34766 0
3177 2644 0.35547 0
3178 2647 0.34766 0
3179 2647 0.31641 0
3180 2646 0.33203 0
3181 2648 0.35547 0
3182 2649 0.34375 0
3183 1650 0.33203 0
3184 223 0.35547 0
3185 319 0.31250 0
3186 319 0.31250 0
3187 2660 0.32031 0
3188 348 0.34766 0
3189 263 0.33594 0
3190 1441 0.35938 0
3191 2548 0.39453 0
3192 2548 0.33594 0
3193 2548 0.33203 0
3194 1356 0.35156 0
3195 397 0.36328 0
3196 2671 0.36328 0
3197 2671 0.30469 0
3198 249 0.34766 0
3199 367 0.35547 0
3200 370 0.31641 0
3201 282 0.38281 0
3202 2676 0.40234 0
3203 2673 0.38281 0
3204 2671 0.38281 0
3205 876 0.39844 0
3206 2672 0.35547 0
3207 879 0.35156 0
3208 879 0.33984 0
3209 879 0.35156 0
3210 2757 0.38281 0
3211 320 0.35156 0
3212 654 0.34375 0
3213 653 0.34375 0
3214 2667 0.38672 0
3215 2547 0.39062 0
3216 2547 0.38672 0
3217 2219 0.39062 0
3218 2220 0.36719 0
3219 2553 0.35156 0
3220 2530 0.28906 0
3221 2530 0.32031 0
3222 688 0.33203 0
3223 774 0.33203 0
3224 683 0.36719 0
3225 2532 0.32812 0
3226 2535 0.34766 0
3227 289 0.32031 0
3228 291 0.33984 0
3229 2539 0.30078 0
3230 2539 0.32422 0
3231 2539 0.34375 0
3232 2542 0.30859 0
3233 2542 0.35156 0
3234 708 0.35156 0
3235 2545 0.33594 0
3236 2545 0.33984 0
3237 2547 0.36719 0
3238 2547 0.35547 0
3239 2552 0.36328 0
3240 2553 0.37109 0
3241 2553 0.30078 0
3242 2552 0.26953 0
3243 2553 0.30078 0
3244 2555 0.30469 0
3245 2555 0.32812 0
3246 2555 0.35547 0
3247 2687 0.41406 0
3248 871 0.39062 0
3249 827 0.37500 0
3250 828 0.38672 0
3251 2286 0.38672 0
3252 826 0.41406 0
3253 2233 0.40625 0
3254 532 0.38281 0
3255 2286 0.38672 0
3256 532 0.42188 0
3257 2284 0.39062 0
3258 532 0.42578 0
3259 868 0.40625 0
3260 2282 0.42188 0
3261 867 0.40234 0
3262 387 0.41797 0
3263 94 0.39453 0
3264 1395 0.41016 0
3265 1393 0.41406 0
3266 97 0.41797 0
3267 1067 0.41016 0
3268 2375 0.38672 0
3269 738 0.39844 0
3270 2375 0.35547 0
3271 2257 0.41406 0
3272 2252 0.37891 0
3273 1725 0.38672 0
3274 1726 0.35938 0
3275 2375 0.36328 0
3276 2343 0.37891 0
3277 2343 0.32812 0
3278 2343 0.33594 1
3279 2343 0.30469 1
3280 2347 0.29688 1
3281 2346 0.25000 1
3282 2346 0.26562 1
3283 2346 0.23828 1
3284 2345 0.22656 1
3285 2348 0.20312 1
3286 2349 0.19922 1
3287 2349 0.16406 1
3288 2349 0.16016 1
3289 2351 0.14844 1
3290 2350 0.11719 1
3291 2351 0.12109 1
3292 2352 0.14062 1
3293 2354 0.14062 1
3294 2353 0.12500 1
3295 2355 0.12109 1
3296 2355 0.12500 1
3297 2356 0.08594 1
3298 2357 0.07812 1
3299 2357 0.08594 1
3300 2358 0.10547 1
3301 2359 0.12109 1
3302 2360 0.11328 1
3303 2360 0.13281 1
3304 2360 0.12500 1
3305 2362 0.14062 1
3306 2363 0.12109 1
3307 2364 0.10938 1
3308 2365 0.09375 1
3309 2365 0.09375 1
3310 2366 0.13281 1
3311 2367 0.08984 1
3312 2368 0.08984 1
3313 2369 0.11719 1
3314 2370 0.08594 1
3315 2371 0.10547 1
3316 2372 0.07812 1
3317 2373 0.07812 1
3318 2374 0.06641 1
3319 2375 0.08984 1
3320 2376 0.09375 1
3321 2377 0.06641 1
3322 2378 0.08984 1
3323 2379 0.08594 1
3324 2380 0.07812 1
3325 2381 0.08594 1
3326 2382 0.10156 1
3327 2383 0.06250 1
3328 2384 0.07812 1
3329 2385 0.05469 1
3330 2386 0.07812 1
3331 2387 0.09375 1
3332 2388 0.09375 1
3333 2389 0.06641 1
3334 2389 0.10156 1
3335 2391 0.08984 1
3336 2392 0.04688 1
3337 2393 0.08203 1
3338 2394 0.09375 1
3339 2395 0.10156 1
3340 2396 0.06641 1
3341 2397 0.08594 1
3342 2398 0.07422 1
3343 2399 0.11719 1
3344 2399 0.08984 1
3345 2401 0.06641 1
3346 2402 0.10156 1
3347 2403 0.05859 1
3348 2404 0.09766 1
3349 2405 0.07812 1
3350 2406 0.10547 1
3351 2407 0.08203 1
3352 2408 0.06641 1
3353 2409 0.08594 1
3354 2410 0.08203 1
3355 2411 0.05078 1
3356 2412 0.08203 1
3357 2413 0.05859 1
3358 2413 0.06641 1
3359 2415 0.04688 1
3360 2416 0.10156 1
3361 2417 0.10156 1
3362 2417 0.09375 1
3363 2418 0.07812 1
3364 2419 0.07422 1
3365 2420 0.06641 1
3366 2421 0.08984 1
3367 2421 0.09375 1
3368 2422 0.09375 1
3369 2423 0.09375 1
3370 2424 0.12109 1
3371 2425 0.08984 1
3372 2425 0.07422 1
3373 2426 0.07031 1
3374 2426 0.10547 1
3375 2427 0.08984 1
3376 2429 0.10156 1
3377 2429 0.07031 1
3378 2430 0.07812 1
3379 2431 0.06641 1
3380 2432 0.09766 1
3381 2433 0.09766 1
3382 2433 0.07031 1
3383 2434 0.05859 1
3384 2435 0.04297 1
3385 2435 0.06641 1
3386 2437 0.08203 1
3387 2437 0.08984 1
3388 2438 0.07812 1
3389 2439 0.09766 1
3390 2439 0.08203 1
3391 2441 0.06641 1
3392 2441 0.09766 1
3393 2443 0.07812 1
3394 2443 0.06641 1
3395 2443 0.07422 1
3396 392 0.10156 1
3397 2446 0.09375 1
3398 2447 0.07422 1
3399 2447 0.07422 1
3400 2448 0.08594 1
3401 2449 0.08984 1
3402 2450 0.10156 1
3403 2451 0.10938 1
3404 2451 0.10156 1
3405 398 0.12109 1
3406 400 0.13281 1
3407 400 0.10938 1
3408 2454 0.07031 1
3409 2455 0.08984 1
3410 2455 0.06641 1
3411 2457 0.08203 1
3412 2457 0.08594 1
3413 2458 0.09766 1
3414 2458 0.08594 1
3415 408 0.07422 1
3416 409 0.08594 1
3417 411 0.07812 1
3418 410 0.10547 1
3419 413 0.09375 1
3420 413 0.11719 1
3421 415 0.12500 1
3422 416 0.08984 1
3423 417 0.09375 1
3424 419 0.06641 1
3425 419 0.11328 1
3426 421 0.07422 1
3427 423 0.08984 1
3428 423 0.09766 1
3429 424 0.10938 1
3430 426 0.08203 1
3431 427 0.08594 1
3432 429 0.07812 1
3433 429 0.07422 1
3434 429 0.10547 1
3435 433 0.06641 1
3436 432 0.06250 1
3437 433 0.07812 1
3438 435 0.07031 1
3439 436 0.06641 1
3440 437 0.04688 1
3441 438 0.07031 1
3442 439 0.07812 1
3443 439 0.08594 1
3444 441 0.08594 1
3445 442 0.08594 1
3446 443 0.10156 1
3447 443 0.07031 1
3448 445 0.06641 1
3449 446 0.07031 1
3450 447 0.07812 1
3451 448 0.09375 1
3452 449 0.07031 1
3453 450 0.09375 1
3454 451 0.09766 1
3455 452 0.07031 1
3456 453 0.10156 1
3457 454 0.05469 1
3458 455 0.08203 1
3459 456 0.05859 1
3460 457 0.08594 1
3461 458 0.07812 1
3462 459 0.07422 1
3463 460 0.07422 1
3464 461 0.07422 1
3465 462 0.06641 1
3466 464 0.12891 1
3467 465 0.14062 1
3468 466 0.10547 1
3469 467 0.12500 1
3470 468 0.08984 1
3471 469 0.08203 1
3472 471 0.08203 1
3473 472 0.08203 1
3474 473 0.06641 1
3475 474 0.08203 1
3476 475 0.07422 1
3477 476 0.07031 1
3478 478 0.05078 1
3479 480 0.09375 1
3480 480 0.05469 1
3481 482 0.10547 1
3482 483 0.08203 1
3483 484 0.06641 1
3484 485 0.08594 1
3485 487 0.05469 1
3486 487 0.07422 1
3487 490 0.06250 1
3488 491 0.07812 1
3489 492 0.08594 1
3490 493 0.08594 1
3491 495 0.06641 1
3492 496 0.07031 1
3493 497 0.11328 1
3494 498 0.10547 1
3495 500 0.11328 1
3496 501 0.06250 1
3497 502 0.07812 1
3498 503 0.08594 1
3499 505 0.05859 1
3500 507 0.07812 1
3501 508 0.08203 1
3502 509 0.03906 1
3503 510 0.06641 1
3504 512 0.07812 1
3505 513 0.07031 1
3506 514 0.10156 1
3507 516 0.07812 1
3508 518 0.09375 1
3509 518 0.06250 1
3510 520 0.09766 1
3511 522 0.14453 1
3512 523 0.09375 1
3513 524 0.08203 1
3514 525 0.07031 1
3515 527 0.08594 1
3516 528 0.05469 1
3517 528 0.08594 1
3518 530 0.06641 1
3519 531 0.08203 1
3520 535 0.08203 1
3521 535 0.07812 1
3522 551 0.05859 1
3523 539 0.04297 1
3524 552 0.05859 1
3525 545 0.07422 1
3526 561 0.07812 1
3527 567 0.09766 1
3528 566 0.10156 1
3529 567 0.08594 1
3530 567 0.10156 1
3531 570 0.10156 1
3532 571 0.09375 1
3533 573 0.10547 1
3534 573 0.08984 1
3535 573 0.05859 1
3536 573 0.07812 1
3537 575 0.09375 1
3538 573 0.11719 1
3539 576 0.09375 1
3540 578 0.08984 1
3541 578 0.10547 1
3542 579 0.11328 1
3543 581 0.09375 1
3544 583 0.07422 1
3545 585 0.08984 1
3546 585 0.05469 1
3547 587 0.07812 1
3548 587 0.06641 1
3549 588 0.07812 1
3550 590 0.09375 1
3551 591 0.09766 1
3552 592 0.10938 1
3553 592 0.10156 1
3554 595 0.08984 1
3555 594 0.06250 1
3556 596 0.09766 1
3557 597 0.08984 1
3558 598 0.09375 1
3559 600 0.09766 1
3560 601 0.08594 1
3561 602 0.07812 1
3562 602 0.08984 1
3563 604 0.07422 1
3564 605 0.08203 1
3565 606 0.06250 1
3566 606 0.09766 1
3567 608 0.08203 1
3568 610 0.10156 1
3569 611 0.08984 1
3570 612 0.08203 1
3571 613 0.05078 1
3572 614 0.10547 1
3573 615 0.08984 1
3574 616 0.08984 1
3575 617 0.10547 1
3576 619 0.13281 1
3577 620 0.09375 1
3578 621 0.08203 1
3579 622 0.08203 1
3580 624 0.08984 1
3581 625 0.08594 1
3582 626 0.09375 1
3583 627 0.06250 1
3584 628 0.10547 1
3585 629 0.10938 1
3586 631 0.11328 1
3587 631 0.08594 1
3588 633 0.08594 1
3589 634 0.10938 1
3590 635 0.11328 1
3591 636 0.10938 1
3592 637 0.10156 1
3593 639 0.08203 1
3594 640 0.05859 1
3595 641 0.08594 1
3596 643 0.11328 1
3597 643 0.08203 1
3598 644 0.08984 1
3599 646 0.05078 1
3600 647 0.05859 1
3601 648 0.06641 1
3602 649 0.05859 1
3603 650 0.07422 1
3604 652 0.05469 1
3605 652 0.10547 1
3606 654 0.07422 1
3607 656 0.06641 1
3608 657 0.09375 1
3609 658 0.09766 1
3610 659 0.06250 1
3611 660 0.08594 1
3612 661 0.07031 1
3613 663 0.07812 1
3614 664 0.06250 1
3615 665 0.07031 1
3616 667 0.06250 1
3617 668 0.07422 1
3618 669 0.08594 1
3619 670 0.06250 1
3620 671 0.08203 1
3621 672 0.08984 1
3622 674 0.07422 1
3623 675 0.07031 1
3624 677 0.08984 1
3625 678 0.04688 1
3626 679 0.02734 1
3627 680 0.04688 1
3628 681 0.02734 1
3629 682 0.05078 1
3630 683 0.06250 1
3631 684 0.06641 1
3632 686 0.05859 1
3633 687 0.04688 1
3634 688 0.06250 1
3635 689 0.07812 1
3636 690 0.06250 1
3637 692 0.07031 1
3638 693 0.05859 1
3639 694 0.07422 1
3640 695 0.07422 1
3641 697 0.10938 1
3642 697 0.08984 1
3643 699 0.11328 1
3644 700 0.07812 1
3645 701 0.07422 1
3646 702 0.06250 1
3647 703 0.06641 1
3648 704 0.07422 1
3649 705 0.07422 1
3650 707 0.05078 1
3651 708 0.06250 1
3652 709 0.05469 1
3653 710 0.05469 1
3654 711 0.10547 1
3655 713 0.08203 1
3656 714 0.09375 1
3657 715 0.10156 1
3658 716 0.12109 1
3659 718 0.10547 1
3660 719 0.08594 1
3661 719 0.12109 1
3662 720 0.11719 1
3663 723 0.10547 1
3664 724 0.09375 1
3665 724 0.07422 1
3666 726 0.10547 1
3667 727 0.10547 1
3668 731 0.12891 1
3669 730 0.11328 1
3670 730 0.12500 1
3671 732 0.14844 1
3672 734 0.16016 1
3673 732 0.17969 1
3674 738 0.16016 1
3675 737 0.17969 1
3676 738 0.13672 1
3677 737 0.17188 1
3678 740 0.13281 1
3679 742 0.14844 1
3680 742 0.14453 1
3681 743 0.12109 1
3682 744 0.15625 1
3683 745 0.14453 1
3684 745 0.16797 1
3685 746 0.17188 1
3686 746 0.18359 1
3687 746 0.17578 1
3688 750 0.14062 1
3689 749 0.16016 1
3690 749 0.16406 1
3691 752 0.13672 1
3692 752 0.13672 1
3693 752 0.16016 1
3694 753 0.17188 1
3695 754 0.18359 1
3696 756 0.14453 1
3697 757 0.15234 1
3698 758 0.18359 1
3699 758 0.17578 1
3700 760 0.16016 1
3701 760 0.14844 1
3702 762 0.12500 1
3703 764 0.16016 1
3704 765 0.16406 1
3705 765 0.12891 1
3706 766 0.17188 1
3707 767 0.15625 1
3708 768 0.14062 1
3709 770 0.12109 1
3710 770 0.13281 1
3711 772 0.14844 1
3712 773 0.16797 1
3713 774 0.12891 1
3714 775 0.16797 1
3715 776 0.14062 1
3716 777 0.12891 1
3717 778 0.12500 1
3718 779 0.13672 1
3719 782 0.13672 1
3720 782 0.08203 1
3721 783 0.12109 1
3722 784 0.08594 1
3723 785 0.07812 1
3724 787 0.12109 1
3725 788 0.12109 1
3726 788 0.10547 1
3727 790 0.09375 1
3728 791 0.07422 1
3729 792 0.08594 1
3730 793 0.07031 1
3731 795 0.08594 1
3732 796 0.08984 1
3733 797 0.08984 1
3734 798 0.11719 1
3735 799 0.11328 1
3736 801 0.07812 1
3737 802 0.10156 1
3738 803 0.09766 1
3739 804 0.10547 1
3740 805 0.10156 1
3741 807 0.07422 1
3742 808 0.07031 1
3743 809 0.08203 1
3744 810 0.13672 1
3745 812 0.09766 1
3746 812 0.09766 1
3747 814 0.08984 1
3748 815 0.07812 1
3749 816 0.10547 1
3750 818 0.09766 1
3751 818 0.10938 1
3752 820 0.10156 1
3753 821 0.10938 1
3754 822 0.10547 1
3755 824 0.10938 1
3756 825 0.08984 1
3757 826 0.08984 1
3758 828 0.11328 1
3759 828 0.08984 1
3760 830 0.10938 1
3761 831 0.11719 1
3762 833 0.09375 1
3763 834 0.10547 1
3764 836 0.07031 1
3765 837 0.07031 1
3766 838 0.07031 1
3767 840 0.07812 1
3768 841 0.08203 1
3769 843 0.07812 1
3770 844 0.06641 1
3771 846 0.09375 1
3772 847 0.08203 1
3773 849 0.06641 1
3774 850 0.08203 1
3775 853 0.10938 1
3776 853 0.04688 1
3777 854 0.05859 1
3778 855 0.12500 1
3779 857 0.12500 1
3780 859 0.10938 1
3781 859 0.11328 1
3782 861 0.08594 1
3783 861 0.09766 1
3784 863 0.10938 1
3785 865 0.10156 1
3786 866 0.08203 1
3787 867 0.08984 1
3788 869 0.07422 1
3789 870 0.08203 1
3790 871 0.06250 1
3791 872 0.11328 1
3792 874 0.11328 1
3793 875 0.10938 1
3794 876 0.10547 1
3795 877 0.10938 1
3796 879 0.08203 1
3797 880 0.09766 1
3798 881 0.07422 1
3799 882 0.04688 1
3800 883 0.07812 1
3801 884 0.09375 1
3802 885 0.08594 1
3803 887 0.08984 1
3804 888 0.07812 1
3805 889 0.10156 1
3806 890 0.10547 1
3807 891 0.11719 1
3808 893 0.08203 1
3809 894 0.08203 1
3810 895 0.07812 1
3811 896 0.10156 1
3812 897 0.10938 1
3813 899 0.11328 1
3814 900 0.08984 1
3815 901 0.07422 1
3816 902 0.08984 1
3817 903 0.09375 1
3818 905 0.10938 1
3819 906 0.11719 1
3820 907 0.07422 1
3821 909 0.09375 1
3822 909 0.08203 1
3823 910 0.11719 1
3824 912 0.10156 1
3825 913 0.07812 1
3826 914 0.10938 1
3827 915 0.12891 1
3828 917 0.12109 1
3829 918 0.08203 1
3830 919 0.10938 1
3831 921 0.09766 1
3832 922 0.12109 1
3833 923 0.11719 1
3834 924 0.07031 1
3835 925 0.06250 1
3836 927 0.10938 1
3837 929 0.07812 1
3838 930 0.13281 1
3839 931 0.13281 1
3840 934 0.12500 1
3841 936 0.12891 1
3842 938 0.12891 1
3843 939 0.10156 1
3844 941 0.09766 1
3845 944 0.07031 1
3846 945 0.08203 1
3847 947 0.10938 1
3848 949 0.14844 1
3849 3397 0.36328 0
3850 2459 0.37500 0
3851 393 0.37109 0
3852 3385 0.37891 0
3853 3385 0.36328 0
3854 382 0.37109 0
3855 381 0.33984 0
3856 378 0.33984 0
3857 378 0.36719 0
3858 379 0.30859 0
3859 2250 0.36328 0
3860 1014 0.31641 0
3861 2506 0.33984 0
3862 1014 0.34375 0
3863 2671 0.35547 0
3864 2670 0.35156 0
3865 304 0.40625 0
3866 1042 0.32812 0
3867 3187 0.37109 0
3868 1995 0.35547 0
3869 1653 0.36719 0
3870 888 0.33984 0
3871 888 0.33594 0
3872 888 0.33984 0
3873 892 0.36719 0
3874 891 0.38281 0
3875 882 0.37891 0
3876 704 0.32422 0
3877 704 0.34375 0
3878 702 0.36328 0
3879 703 0.35547 0
3880 302 0.39062 0
3881 307 0.36719 0
3882 3332 0.37500 0
3883 3332 0.35938 0
3884 3332 0.35156 0
3885 1647 0.35938 0
3886 1647 0.35547 0
3887 666 0.34766 0
3888 2156 0.32812 0
3889 663 0.31641 0
3890 1679 0.32812 0
3891 890 0.34375 0
3892 1654 0.35547 0
3893 318 0.32422 0
3894 1996 0.34766 0
3895 3359 0.35156 0
3896 1684 0.35156 0
3897 267 0.38281 0
3898 194 0.37109 0
3899 1005 0.36328 0
3900 934 0.35938 0
3901 248 0.35547 0
3902 246 0.31250 0
3903 246 0.30859 0
3904 246 0.30469 0
3905 244 0.28516 0
3906 979 0.33594 0
3907 979 0.32422 0
3908 242 0.30078 0
3909 979 0.30469 0
3910 979 0.30078 0
3911 979 0.28516 0
3912 239 0.30859 0
3913 239 0.26172 0
3914 238 0.27344 0
3915 975 0.33594 0
3916 975 0.33594 0
3917 975 0.35938 0
3918 809 0.40234 0
3919 1808 0.37109 0
3920 177 0.38672 0
3921 1808 0.41016 0
3922 267 0.38672 0
3923 321 0.41016 0
3924 3133 0.37891 0
3925 222 0.40234 0
3926 2167 0.39453 0
3927 895 0.37500 0
3928 2167 0.35547 0
3929 2167 0.37109 0
3930 1932 0.36328 0
3931 1932 0.33984 0
3932 966 0.35156 0
3933 1931 0.32812 0
3934 965 0.32812 0
3935 1932 0.33984 0
3936 2422 0.31250 0
3937 1806 0.37891 0
3938 2422 0.28125 0
3939 3368 0.30859 0
3940 2422 0.29688 0
3941 3375 0.37891 0
3942 3375 0.35156 0
3943 2422 0.30469 0
3944 2429 0.31250 0
3945 2429 0.33203 0
3946 2427 0.28125 0
3947 2427 0.32422 0
3948 2427 0.31250 0
3949 2428 0.29688 0
3950 3376 0.30469 0
3951 3375 0.32422 0
3952 3376 0.32031 0
3953 3376 0.30859 0
3954 3376 0.31250 0
3955 3378 0.28906 0
3956 3378 0.31641 0
3957 3378 0.30859 0
3958 3383 0.28906 0
3959 3382 0.29297 0
3960 2435 0.30859 0
3961 3385 0.30078 0
3962 2438 0.32422 0
3963 2171 0.33594 0
3964 2051 0.35547 0
3965 2436 0.33984 0
3966 3339 0.35547 0
3967 2324 0.39062 0
3968 1884 0.33594 0
3969 1887 0.33984 0
3970 2324 0.35156 0
3971 1733 0.35156 0
3972 365 0.32422 0
3973 371 0.33594 0
3974 371 0.30078 0
3975 365 0.30078 0
3976 371 0.33203 0
3977 368 0.32422 0
3978 360 0.31250 0
3979 367 0.33203 0
3980 639 0.33984 0
3981 367 0.32031 0
3982 356 0.32422 0
3983 2553 0.35547 0
3984 513 0.36328 0
3985 2219 0.35938 0
3986 2553 0.37500 0
3987 1594 0.36328 0
3988 667 0.35547 0
3989 3056 0.35938 0
3990 1594 0.35938 0
3991 357 0.35938 0
3992 346 0.37109 0
3993 346 0.33203 0
3994 350 0.29297 0
3995 347 0.33203 0
3996 346 0.29297 0
3997 347 0.29297 0
3998 344 0.31641 0
3999 344 0.31641 0
4000 344 0.32812 0
4001 340 0.31250 0
4002 336 0.32422 0
4003 2654 0.28516 0
4004 2651 0.32812 0
4005 2651 0.33203 0
4006 2651 0.33984 0
4007 2630 0.37109 0
4008 2651 0.35156 0
4009 2559 0.37500 0
4010 3605 0.31641 0
4011 2557 0.32031 0
4012 3607 0.28125 0
4013 2555 0.30469 0
4014 2554 0.26953 0
4015 659 0.28125 0
4016 2553 0.29688 0
4017 2553 0.29688 0
4018 2536 0.35547 0
4019 2550 0.30859 0
4020 2720 0.34375 0
4021 3605 0.26953 0
4022 3605 0.28125 0
4023 3605 0.30859 0
4024 3220 0.30469 0
4025 1992 0.32031 0
4026 2541 0.32422 0
4027 2147 0.32031 0
4028 1994 0.30859 0
4029 1994 0.32422 0
4030 1994 0.33203 0
4031 2534 0.35938 0
4032 2532 0.35547 0
4033 1983 0.31641 0
4034 1982 0.32812 0
4035 1980 0.37891 0
4036 1979 0.34766 0
4037 2680 0.36328 0
4038 2676 0.35547 0
4039 1978 0.37109 0
4040 3075 0.38281 0
4041 3204 0.36328 0
4042 987 0.33203 0
4043 1994 0.33203 0
4044 3203 0.34375 0
4045 67 0.36719 0
4046 1993 0.37500 0
4047 993 0.35156 0
4048 336 0.33594 0
4049 672 0.31250 0
4050 672 0.34766 0
4051 3058 0.36719 0
4052 3056 0.33984 0
4053 3072 0.32031 0
4054 983 0.31641 0
4055 320 0.35547 0
4056 1860 0.33984 0
4057 3052 0.31250 0
4058 3051 0.32031 0
4059 3051 0.32031 0
4060 3049 0.34375 0
4061 3047 0.32422 0
4062 3047 0.32812 0
4063 3047 0.32812 0
4064 3051 0.33984 0
4065 3051 0.34766 0
4066 1995 0.35547 0
4067 3724 0.35156 0
4068 2667 0.34375 0
4069 2634 0.34375 0
4070 2548 0.35547 0
4071 347 0.35547 0
4072 2658 0.33984 0
4073 1994 0.32422 0
4074 3062 0.30078 0
4075 1996 0.35938 0
4076 1978 0.33594 0
4077 1996 0.35547 0
4078 1996 0.31641 0
4079 2536 0.32031 0
4080 1994 0.29297 0
4081 1994 0.32422 0
4082 2648 0.33984 0
4083 2535 0.31250 0
4084 2534 0.31641 0
4085 3633 0.35156 0
4086 1989 0.29297 0
4087 2672 0.33594 0
4088 1995 0.33203 0
4089 1994 0.32031 0
4090 1994 0.32812 0
4091 650 0.32812 0
4092 2551 0.33203 0
4093 1994 0.33984 0
4094 1991 0.33203 0
4095 1993 0.38672 0
4096 1979 0.32422 0
4097 1979 0.31641 0
4098 1979 0.32812 0
4099 1978 0.36719 0
4100 2539 0.36328 0
4101 2534 0.34375 0
4102 1978 0.33984 0
4103 2536 0.37891 0
4104 1994 0.35547 0
4105 693 0.28125 0
4106 1994 0.38672 0
4107 1994 0.34375 0
4108 3740 0.36328 0
4109 991 0.35156 0
4110 1994 0.35547 0
4111 1993 0.31250 0
4112 987 0.31641 0
4113 1994 0.31250 0
4114 1994 0.30859 0
4115 1994 0.32422 0
4116 879 0.32422 0
4117 1993 0.35547 0
4118 879 0.34766 0
4119 1983 0.33594 0
4120 3163 0.37109 0
4121 1978 0.36328 0
4122 2673 0.35156 0
4123 1979 0.33594 0
4124 2676 0.35547 0
4125 2674 0.35547 0
4126 2672 0.35547 0
4127 1978 0.31250 0
4128 1992 0.29297 0
4129 2550 0.31641 0
4130 2550 0.32812 0
4131 2549 0.32812 0
4132 1994 0.36719 0
4133 1994 0.32812 0
4134 3644 0.32422 0
4135 56 0.35938 0
4136 1979 0.38672 0
4137 696 0.37891 0
4138 2539 0.37109 0
4139 2540 0.38281 0
4140 697 0.39062 0
4141 696 0.33984 0
4142 2696 0.34375 0
4143 127 0.34375 0
4144 1994 0.33984 0
4145 983 0.33594 0
4146 367 0.34375 0
4147 2672 0.35938 0
4148 977 0.37109 0
4149 3218 0.37500 0
4150 3170 0.39844 0
4151 817 0.41406 0
4152 2549 0.39062 0
4153 2550 0.33594 0
4154 2550 0.34375 0
4155 247 0.36719 0
4156 1994 0.39062 0
4157 3208 0.39062 0
4158 1993 0.37109 0
4159 806 0.35156 0
4160 805 0.32812 0
4161 805 0.33594 0
4162 805 0.33594 0
4163 1979 0.32031 0
4164 2720 0.28125 0
4165 801 0.37109 0
4166 1932 0.36719 0
4167 3738 0.35156 0
4168 3739 0.37891 0
4169 1994 0.38281 0
4170 1994 0.34375 0
4171 1994 0.33984 0
4172 3618 0.30469 0
4173 3618 0.32422 0
4174 653 0.30469 0
4175 986 0.33203 0
4176 3071 0.31641 0
4177 3618 0.33594 0
4178 645 0.32812 0
4179 646 0.35547 0
4180 354 0.35156 0
4181 3716 0.35938 0
4182 652 0.32422 0
4183 2667 0.36328 0
4184 3051 0.37109 0
4185 784 0.34375 0
4186 3722 0.36328 0
4187 2644 0.33984 0
4188 3719 0.35547 0
4189 3719 0.36328 0
4190 347 0.36328 0
4191 2658 0.35156 0
4192 2667 0.35547 0
4193 651 0.31641 0
4194 2658 0.31250 0
4195 1518 0.33594 0
4196 667 0.33984 0
4197 3616 0.31641 0
4198 2719 0.34766 0
4199 3618 0.28906 0
4200 3076 0.36719 0
4201 992 0.33203 0
4202 2532 0.33984 0
4203 2671 0.33203 0
4204 2671 0.35547 0
4205 693 0.25391 0
4206 3615 0.28906 0
4207 3627 0.33203 0
4208 1993 0.35938 0
4209 2709 0.36328 0
4210 884 0.35938 0
4211 1994 0.35156 0
4212 1994 0.35547 0
4213 987 0.32031 0
4214 1977 0.33203 0
4215 987 0.35547 0
4216 3603 0.30078 0
4217 680 0.24609 0
4218 680 0.25000 0
4219 669 0.32031 0
4220 2674 0.32422 0
4221 1994 0.35156 0
4222 667 0.32812 0
4223 805 0.33594 0
4224 3633 0.32422 0
4225 3634 0.29297 0
4226 662 0.30469 0
4227 339 0.31250 0
4228 3639 0.27344 0
4229 667 0.30469 0
4230 667 0.31250 0
4231 669 0.26562 0
4232 683 0.30078 0
4233 2655 0.32031 0
4234 3056 0.32812 0
4235 986 0.35156 0
4236 982 0.37109 0
4237 983 0.33594 0
4238 982 0.28906 0
4239 3082 0.32031 0
4240 982 0.30859 0
4241 2630 0.32812 0
4242 3053 0.34375 0
4243 986 0.34375 0
4244 2290 0.32422 0
4245 363 0.36719 0
4246 3163 0.33984 0
4247 987 0.32422 0
4248 2547 0.29688 0
4249 2547 0.33203 0
4250 1655 0.34375 0
4251 1441 0.33203 0
4252 2672 0.32812 0
4253 3614 0.30078 0
4254 3615 0.30469 0
4255 3615 0.25781 0
4256 652 0.26172 0
4257 987 0.33203 0
4258 1994 0.34375 0
4259 2535 0.30859 0
4260 67 0.30078 0
4261 67 0.30078 0
4262 69 0.30469 0
4263 986 0.30078 0
4264 2547 0.38281 0
4265 71 0.32031 0
4266 645 0.29297 0
4267 711 0.35156 0
4268 3163 0.34375 0
4269 3571 0.32812 0
4270 82 0.31250 0
4271 3213 0.34766 0
4272 3214 0.34375 0
4273 2693 0.35938 0
4274 93 0.31641 0
4275 93 0.31250 0
4276 92 0.30078 0
4277 3531 0.35938 0
4278 568 0.36719 0
4279 2279 0.38672 0
4280 1389 0.38672 0
4281 373 0.35938 0
4282 373 0.35547 0
4283 1979 0.36328 0
4284 373 0.39453 0
4285 2693 0.35156 0
4286 2695 0.38672 0
4287 3650 0.37891 0
4288 3640 0.35156 0
4289 2295 0.37891 0
4290 2667 0.38281 0
4291 2546 0.30859 0
4292 2547 0.33203 0
4293 2154 0.34766 0
4294 3189 0.35156 0
4295 3187 0.32031 0
4296 3186 0.33594 0
4297 3984 0.27734 0
4298 3987 0.30859 0
4299 3991 0.36328 0
4300 3987 0.35547 0
4301 3055 0.35156 0
4302 3176 0.35938 0
4303 2547 0.35156 0
4304 2926 0.33203 0
4305 2926 0.34766 0
4306 2926 0.32031 0
4307 2922 0.34766 0
4308 2697 0.35938 0
4309 2698 0.34766 0
4310 2698 0.30859 0
4311 2696 0.31641 0
4312 2697 0.30078 0
4313 2423 0.33203 0
4314 1994 0.33984 0
4315 1011 0.35156 0
4316 986 0.31250 0
4317 3054 0.33984 0
4318 983 0.30078 0
4319 982 0.29688 0
4320 3353 0.32812 0
4321 3817 0.32031 0
4322 808 0.34766 0
4323 3742 0.34766 0
4324 2666 0.31641 0
4325 2666 0.29688 0
4326 2666 0.31250 0
4327 2665 0.30469 0
4328 3830 0.35156 0
4329 3055 0.35156 0
4330 2662 0.33984 0
4331 2662 0.35156 0
4332 3831 0.33594 0
4333 2787 0.30078 0
4334 919 0.37109 0
4335 2789 0.29688 0
4336 2789 0.30469 0
4337 3057 0.31641 0
4338 1000 0.32422 0
4339 1996 0.33203 0
4340 1847 0.35156 0
4341 2644 0.34375 0
4342 2569 0.34375 0
4343 2541 0.34375 0
4344 3176 0.33203 0
4345 4016 0.28516 0
4346 3720 0.34375 0
4347 2668 0.33594 0
4348 2156 0.33594 0
4349 1994 0.35156 0
4350 1994 0.32422 0
4351 4021 0.27734 0
4352 1994 0.29297 0
4353 1994 0.29688 0
4354 1994 0.32031 0
4355 3166 0.29688 0
4356 3166 0.30078 0
4357 232 0.30859 0
4358 1993 0.34375 0
4359 3983 0.31250 0
4360 3983 0.30078 0
4361 3983 0.32422 0
4362 3163 0.31641 0
4363 3982 0.30859 0
4364 4059 0.33594 0
4365 2671 0.36328 0
4366 1004 0.35547 0
4367 2547 0.31641 0
4368 3185 0.35938 0
4369 3972 0.34766 0
4370 1316 0.31641 0
4371 304 0.38281 0
4372 2701 0.34375 0
4373 304 0.37500 0
4374 2436 0.35547 0
4375 3385 0.31641 0
4376 2436 0.33203 0
4377 202 0.33984 0
4378 205 0.31641 0
4379 205 0.32031 0
4380 3382 0.32422 0
4381 3379 0.36719 0
4382 3110 0.35938 0
4383 2498 0.33984 0
4384 2498 0.37500 0
4385 3097 0.35547 0
4386 2871 0.35547 0
4387 2870 0.32031 0
4388 2869 0.32422 0
4389 2867 0.35938 0
4390 3425 0.35938 0
4391 419 0.39062 0
4392 2936 0.39453 0
4393 420 0.37109 0
4394 2482 0.38281 0
4395 1280 0.38672 0
4396 2894 0.35547 0
4397 434 0.37109 0
4398 3437 0.33594 0
4399 3405 0.35156 0
4400 3293 0.36719 0
4401 3293 0.35938 0
4402 1113 0.40625 0
4403 1104 0.41797 0
4404 1104 0.35938 0
4405 3422 0.39844 0
4406 1114 0.40625 0
4407 1111 0.40234 0
4408 1111 0.41016 0
4409 1116 0.42578 0
4410 420 0.42969 0
4411 1096 0.37891 0
4412 1104 0.41016 0
4413 1104 0.41406 0
4414 1099 0.41797 0
4415 1099 0.40234 0
4416 1099 0.41797 0
4417 1099 0.41406 0
4418 3425 0.39453 0
4419 1097 0.39844 0
4420 1214 0.40234 0
4421 1098 0.41406 0
4422 1214 0.39844 0
4423 1226 0.40234 0
4424 1072 0.39453 0
4425 1214 0.36719 0
4426 1214 0.38672 0
4427 3430 0.40625 0
4428 1225 0.39844 0
4429 2983 0.38281 0
4430 2983 0.40625 0
4431 2983 0.39062 0
4432 2372 0.38672 0
4433 2372 0.38281 0
4434 2372 0.37500 0
4435 2372 0.36328 0
4436 2373 0.39453 0
4437 2373 0.39062 0
4438 2373 0.37891 0
4439 2373 0.40234 0
4440 1068 0.39844 0
4441 1103 0.41406 0
4442 1069 0.38281 0
4443 735 0.37891 0
4444 1069 0.37500 0
4445 1 0.24219 1
4446 1 0.20703 1
4447 1 0.14453 1
4448 1 0.11719 1
4449 1 0.10938 1
4450 1 0.07031 1
4451 2 0.06641 1
4452 3 0.07031 1
4453 4 0.09766 1
4454 4 0.12891 1
4455 6 0.10938 1
4456 7 0.07031 1
4457 7 0.09375 1
4458 10 0.12500 1
4459 9 0.10547 1
4460 10 0.07812 1
4461 10 0.08984 1
4462 12 0.09766 1
4463 14 0.11328 1
4464 14 0.10156 1
4465 15 0.09766 1
4466 16 0.09766 1
4467 17 0.07031 1
4468 18 0.13672 1
4469 19 0.10938 1
4470 21 0.09375 1
4471 22 0.07422 1
4472 23 0.10156 1
4473 23 0.10938 1
4474 25 0.07422 1
4475 26 0.08984 1
4476 27 0.12109 1
4477 28 0.08594 1
4478 29 0.07422 1
4479 31 0.11328 1
4480 31 0.10156 1
4481 32 0.12109 1
4482 33 0.11328 1
4483 34 0.13281 1
4484 36 0.11328 1
4485 36 0.08984 1
4486 38 0.10938 1
4487 39 0.11719 1
4488 40 0.11719 1
4489 41 0.08594 1
4490 42 0.09375 1
4491 43 0.08203 1
4492 44 0.08984 1
4493 46 0.10547 1
4494 47 0.10156 1
4495 48 0.10156 1
4496 49 0.10938 1
4497 50 0.10547 1
4498 52 0.12109 1
4499 52 0.08984 1
4500 54 0.09766 1
4501 55 0.12891 1
4502 56 0.12891 1
4503 57 0.12109 1
4504 59 0.09375 1
4505 59 0.10156 1
4506 60 0.09766 1
4507 62 0.09375 1
4508 63 0.10938 1
4509 65 0.10156 1
4510 65 0.06641 1
4511 67 0.08594 1
4512 68 0.08984 1
4513 70 0.09766 1
4514 71 0.11719 1
4515 72 0.10547 1
4516 74 0.10547 1
4517 75 0.10547 1
4518 77 0.10156 1
4519 78 0.13672 1
4520 80 0.09375 1
4521 82 0.09375 1
4522 82 0.10938 1
4523 86 0.09375 1
4524 87 0.09766 1
4525 89 0.10938 1
4526 92 0.08203 1
4527 93 0.08594 1
4528 97 0.08203 1
4529 99 0.08984 1
4530 100 0.13281 1
4531 104 0.12891 1
4532 108 0.17969 1
4533 109 0.20312 1
4534 108 0.28906 1
4535 1559 0.20703 1
4536 1559 0.17969 1
4537 1558 0.14062 1
4538 1556 0.14453 1
4539 1554 0.16016 1
4540 1554 0.20703 1
4541 601 0.26953 0
