301 1 0.40234 0
302 1 0.41016 0
303 1 0.41797 0
304 1 0.42578 0
305 1 0.41797 0
306 1 0.39844 0
307 1 0.39453 0
308 1 0.41797 0
309 1 0.40625 0
310 1 0.39844 0
311 2 0.38672 0
312 6 0.39453 0
313 11 0.38672 0
314 11 0.41797 0
315 9 0.40234 0
316 10 0.40625 0
317 7 0.38281 0
318 7 0.35938 0
319 3 0.39844 0
320 3 0.35156 0
321 4 0.37109 0
322 3 0.37109 0
323 3 0.36719 0
324 3 0.38281 0
325 3 0.38672 0
326 1 0.41016 0
327 1 0.43750 0
328 19 0.40625 0
329 11 0.40234 0
330 14 0.39453 0
331 26 0.42188 0
332 26 0.41797 0
333 19 0.45312 0
334 10 0.43750 0
335 2 0.42188 0
336 3 0.42188 0
337 5 0.42578 0
338 5 0.40234 0
339 12 0.35938 0
340 12 0.38672 0
341 40 0.39844 0
342 37 0.37891 0
343 39 0.41406 0
344 37 0.39062 0
345 39 0.40234 0
346 39 0.41797 0
347 38 0.42578 0
348 38 0.41797 0
349 3 0.42969 0
350 6 0.42578 0
351 36 0.40625 0
352 35 0.41406 0
353 45 0.43359 0
354 36 0.36328 0
355 36 0.40234 0
356 36 0.40234 0
357 32 0.39453 0
358 33 0.37891 0
359 47 0.40234 0
360 47 0.43359 0
361 59 0.41406 0
362 43 0.42969 0
363 47 0.42578 0
364 42 0.42578 0
365 57 0.41406 0
366 44 0.41406 0
367 59 0.41406 0
368 42 0.44922 0
369 44 0.44531 0
370 35 0.41406 0
371 43 0.41406 0
372 41 0.42188 0
373 40 0.42578 0
374 43 0.40625 0
375 55 0.41016 0
376 56 0.41797 0
377 41 0.42188 0
378 46 0.39844 0
379 46 0.41406 0
380 43 0.41406 0
381 42 0.40625 0
382 43 0.40625 0
383 40 0.39062 0
384 44 0.41016 0
385 40 0.42188 0
386 40 0.41016 0
387 40 0.38672 0
388 44 0.41016 0
389 43 0.41406 0
390 40 0.39844 0
391 42 0.39844 0
392 42 0.41406 0
393 34 0.43750 0
394 38 0.40625 0
395 36 0.41016 0
396 36 0.41406 0
397 34 0.41016 0
398 34 0.40234 0
399 35 0.41016 0
400 35 0.42578 0
401 36 0.44531 0
402 36 0.41406 0
403 37 0.42969 0
404 36 0.41797 0
405 59 0.41406 0
406 58 0.42969 0
407 101 0.39062 0
408 97 0.40625 0
409 69 0.41016 0
410 59 0.41016 0
411 75 0.39062 0
412 75 0.39453 0
413 75 0.34766 0
414 75 0.34766 0
415 75 0.37109 0
416 75 0.37109 0
417 75 0.37500 0
418 77 0.39453 0
419 63 0.41016 0
420 60 0.41406 0
421 104 0.42578 0
422 65 0.42969 0
423 65 0.42578 0
424 65 0.41016 0
425 62 0.42969 0
426 61 0.39844 0
427 65 0.39844 0
428 59 0.39453 0
429 63 0.40234 0
430 65 0.38672 0
431 62 0.39062 0
432 43 0.39844 0
433 71 0.42188 0
434 43 0.39062 0
435 62 0.41406 0
436 42 0.38672 0
437 70 0.38672 0
438 63 0.38281 0
439 41 0.37500 0
440 41 0.35938 0
441 44 0.35938 0
442 41 0.34375 0
443 39 0.37500 0
444 45 0.35938 0
445 67 0.36719 0
446 66 0.36328 0
447 66 0.36719 0
448 66 0.37500 0
449 44 0.36328 0
450 48 0.36328 0
451 47 0.36328 0
452 48 0.38281 0
453 45 0.39844 0
454 47 0.39062 0
455 51 0.37500 0
456 70 0.37109 0
457 52 0.37891 0
458 100 0.39062 0
459 98 0.35938 0
460 100 0.36719 0
461 101 0.35156 0
462 103 0.34766 0
463 103 0.37500 0
464 103 0.36719 0
465 103 0.39062 0
466 53 0.39844 0
467 59 0.40625 0
468 59 0.39062 0
469 58 0.36719 0
470 62 0.36719 0
471 63 0.36719 0
472 159 0.37891 0
473 159 0.37891 0
474 164 0.36719 0
475 166 0.39062 0
476 166 0.36328 0
477 166 0.35547 0
478 166 0.37500 0
479 169 0.36719 0
480 171 0.34766 0
481 170 0.34375 0
482 170 0.32812 0
483 176 0.35938 0
484 175 0.33594 0
485 175 0.35547 0
486 151 0.34766 0
487 101 0.37891 0
488 101 0.36719 0
489 67 0.35156 0
490 100 0.35547 0
491 68 0.33203 0
492 102 0.38672 0
493 70 0.34766 0
494 71 0.36328 0
495 104 0.39062 0
496 109 0.39062 0
497 107 0.38672 0
498 107 0.37891 0
499 72 0.37109 0
500 108 0.38281 0
501 92 0.36719 0
502 88 0.37109 0
503 89 0.41016 0
504 60 0.39453 0
505 60 0.37500 0
506 187 0.36719 0
507 187 0.38672 0
508 66 0.39062 0
509 66 0.39062 0
510 66 0.36719 0
511 183 0.40234 0
512 183 0.40625 0
513 185 0.39844 0
514 181 0.39062 0
515 185 0.36719 0
516 186 0.35547 0
517 151 0.37500 0
518 187 0.41016 0
519 153 0.39453 0
520 177 0.36719 0
521 160 0.35156 0
522 202 0.37891 0
523 162 0.37500 0
524 153 0.36328 0
525 153 0.36719 0
526 153 0.37891 0
527 153 0.35156 0
528 157 0.36328 0
529 159 0.39062 0
530 154 0.37500 0
531 177 0.41406 0
532 62 0.41797 0
533 174 0.38672 0
534 175 0.40234 0
535 176 0.38281 0
536 176 0.37891 0
537 198 0.40625 0
538 196 0.39844 0
539 198 0.41016 0
540 196 0.39453 0
541 198 0.39062 0
542 198 0.36328 0
543 195 0.37891 0
544 196 0.35547 0
545 195 0.37891 0
546 188 0.40625 0
547 189 0.37891 0
548 189 0.40234 0
549 189 0.40234 0
550 189 0.39453 0
551 189 0.39844 0
552 207 0.39062 0
553 189 0.39453 0
554 207 0.41797 0
555 207 0.40625 0
556 197 0.42188 0
557 207 0.41406 0
558 207 0.38281 0
559 202 0.40234 0
560 244 0.35938 0
561 247 0.42188 0
562 173 0.43359 0
563 195 0.41797 0
564 219 0.36719 0
565 220 0.36719 0
566 161 0.37109 0
567 240 0.34766 0
568 240 0.35156 0
569 240 0.35938 0
570 240 0.35938 0
571 240 0.36328 0
572 207 0.34375 0
573 266 0.36328 0
574 264 0.33594 0
575 263 0.33594 0
576 269 0.36719 0
577 209 0.37500 0
578 228 0.39844 0
579 215 0.33984 0
580 215 0.35938 0
581 215 0.35156 0
582 214 0.35547 0
583 214 0.35938 0
584 277 0.37891 0
585 270 0.36719 0
586 270 0.37891 0
587 270 0.37109 0
588 220 0.37109 0
589 252 0.37109 0
590 200 0.39453 0
591 240 0.39062 0
592 222 0.39062 0
593 245 0.38281 0
594 228 0.36719 0
595 228 0.34375 0
596 243 0.36719 0
597 243 0.35938 0
598 247 0.38281 0
599 251 0.36328 0
600 257 0.34375 0
601 178 0.38672 0
602 252 0.36328 0
603 252 0.37891 0
604 200 0.36328 0
605 202 0.37109 0
606 207 0.37500 0
607 208 0.35938 0
608 207 0.35547 0
609 210 0.33203 0
610 188 0.36328 0
611 210 0.35156 0
612 210 0.35547 0
613 210 0.37500 0
614 267 0.34766 0
615 267 0.32812 0
616 266 0.33984 0
617 177 0.35156 0
618 178 0.36719 0
619 178 0.36328 0
620 180 0.38281 0
621 180 0.37891 0
622 197 0.35547 0
623 200 0.35547 0
624 262 0.40625 0
625 187 0.34766 0
626 187 0.35156 0
627 303 0.34766 0
628 250 0.36719 0
629 248 0.37891 0
630 249 0.38281 0
631 251 0.34766 0
632 256 0.33984 0
633 251 0.37500 0
634 183 0.35156 0
635 252 0.37109 0
636 252 0.37891 0
637 260 0.35547 0
638 257 0.34375 0
639 260 0.31641 0
640 260 0.31250 0
641 252 0.32031 0
642 252 0.33984 0
643 261 0.32812 0
644 259 0.33594 0
645 261 0.35156 0
646 261 0.34375 0
647 261 0.30859 0
648 261 0.33203 0
649 271 0.37500 0
650 271 0.36328 0
651 271 0.31641 0
652 269 0.42188 0
653 223 0.36328 0
654 211 0.39062 0
655 278 0.36719 0
656 209 0.35547 0
657 209 0.38281 0
658 209 0.38281 0
659 186 0.38281 0
660 238 0.36328 0
661 202 0.37891 0
662 238 0.38672 0
663 187 0.39844 0
664 187 0.39453 0
665 195 0.39844 0
666 245 0.35938 0
667 251 0.34766 0
668 253 0.33203 0
669 202 0.38672 0
670 256 0.35938 0
671 187 0.41016 0
672 256 0.34375 0
673 240 0.38281 0
674 308 0.37109 0
675 308 0.33984 0
676 308 0.35938 0
677 309 0.33203 0
678 264 0.35156 0
679 264 0.34375 0
680 209 0.35156 0
681 264 0.33594 0
682 177 0.36328 0
683 270 0.34766 0
684 269 0.37109 0
685 266 0.35547 0
686 266 0.32812 0
687 276 0.35938 0
688 276 0.28516 0
689 275 0.30078 0
690 277 0.33203 0
691 278 0.33984 0
692 278 0.35156 0
693 280 0.31250 0
694 282 0.34375 0
695 282 0.35156 0
696 283 0.35547 0
697 275 0.35938 0
698 287 0.35156 0
699 288 0.33984 0
700 287 0.33203 0
701 150 0.38672 0
702 295 0.35547 0
703 299 0.38281 0
704 295 0.37500 0
705 295 0.36719 0
706 295 0.37109 0
707 296 0.39453 0
708 303 0.39453 0
709 289 0.40625 0
710 204 0.33203 0
711 205 0.34766 0
712 206 0.35938 0
713 275 0.39844 0
714 282 0.33984 0
715 284 0.36719 0
716 281 0.34766 0
717 280 0.37500 0
718 267 0.33984 0
719 266 0.31250 0
720 268 0.30859 0
721 270 0.29297 0
722 270 0.32422 0
723 270 0.31641 0
724 311 0.31641 0
725 211 0.36328 0
726 211 0.34375 0
727 211 0.32812 0
728 397 0.38281 0
729 209 0.35156 0
730 209 0.34375 0
731 208 0.35938 0
732 208 0.37891 0
733 326 0.35938 0
734 326 0.35547 0
735 177 0.38281 0
736 177 0.37891 0
737 192 0.38281 0
738 184 0.39844 0
739 241 0.38281 0
740 171 0.36719 0
741 323 0.37109 0
742 192 0.35938 0
743 190 0.40234 0
744 190 0.36328 0
745 187 0.39062 0
746 189 0.40234 0
747 341 0.32422 0
748 341 0.29688 0
749 340 0.30859 0
750 339 0.33594 0
751 312 0.37891 0
752 214 0.35547 0
753 308 0.35156 0
754 223 0.36328 0
755 223 0.31250 0
756 223 0.32812 0
757 223 0.27344 0
758 223 0.31250 0
759 215 0.34766 0
760 227 0.33984 0
761 214 0.34375 0
762 214 0.31250 0
763 215 0.30469 0
764 215 0.34766 0
765 224 0.33984 0
766 215 0.30469 0
767 270 0.34766 0
768 269 0.37500 0
769 169 0.36328 0
770 273 0.37891 0
771 273 0.38281 0
772 273 0.38672 0
773 162 0.33203 0
774 161 0.35938 0
775 161 0.33594 0
776 161 0.32812 0
777 160 0.36328 0
778 159 0.33594 0
779 159 0.34375 0
780 277 0.37500 0
781 282 0.37500 0
782 149 0.35938 0
783 153 0.33984 0
784 145 0.36328 0
785 147 0.33203 0
786 145 0.33594 0
787 145 0.31250 0
788 145 0.37109 0
789 145 0.32031 0
790 136 0.36328 0
791 144 0.39062 0
792 146 0.37500 0
793 146 0.36328 0
794 145 0.36328 0
795 146 0.34375 0
796 146 0.34375 0
797 139 0.35547 0
798 137 0.38672 0
799 125 0.39453 0
800 134 0.41016 0
801 124 0.39062 0
802 82 0.40234 0
803 82 0.41016 0
804 139 0.39453 0
805 135 0.39844 0
806 133 0.40625 0
807 137 0.38672 0
808 133 0.37109 0
809 133 0.36719 0
810 129 0.39453 0
811 133 0.39062 0
812 135 0.38281 0
813 118 0.41016 0
814 130 0.41406 0
815 5 0.38672 0
816 134 0.36719 0
817 134 0.37109 0
818 135 0.39062 0
819 141 0.38281 0
820 141 0.37500 0
821 145 0.38281 0
822 145 0.35938 0
823 433 0.37500 0
824 433 0.37500 0
825 437 0.34766 0
826 433 0.37500 0
827 433 0.36719 0
828 435 0.37891 0
829 433 0.41016 0
830 481 0.36719 0
831 482 0.33594 0
832 482 0.35938 0
833 422 0.36719 0
834 422 0.35156 0
835 419 0.35938 0
836 422 0.37109 0
837 94 0.37500 0
838 94 0.39062 0
839 95 0.36328 0
840 95 0.32422 0
841 99 0.36328 0
842 99 0.36328 0
843 99 0.35547 0
844 97 0.33594 0
845 97 0.35156 0
846 495 0.37500 0
847 100 0.35938 0
848 54 0.36719 0
849 88 0.35156 0
850 88 0.33594 0
851 89 0.35547 0
852 89 0.37891 0
853 502 0.34766 0
854 61 0.36328 0
855 108 0.39453 0
856 511 0.38672 0
857 511 0.36719 0
858 445 0.39453 0
859 445 0.39062 0
860 443 0.37500 0
861 548 0.37891 0
862 544 0.37500 0
863 544 0.40234 0
864 544 0.36719 0
865 544 0.38672 0
866 541 0.38281 0
867 544 0.38281 0
868 430 0.39453 0
869 482 0.38281 0
870 545 0.38281 0
871 541 0.38281 0
872 545 0.38281 0
873 541 0.37109 0
874 541 0.37109 0
875 482 0.39453 0
876 544 0.38672 0
877 543 0.39844 0
878 489 0.38281 0
879 490 0.39062 0
880 480 0.34375 0
881 484 0.40625 0
882 302 0.38281 0
883 482 0.38281 0
884 491 0.36328 0
885 491 0.33984 0
886 489 0.32812 0
887 114 0.32031 0
888 116 0.29688 0
889 114 0.30859 0
890 118 0.31641 0
891 121 0.35938 0
892 121 0.35938 0
893 494 0.41016 0
894 126 0.40234 0
895 8 0.35547 0
896 127 0.35938 0
897 127 0.31250 0
898 127 0.32812 0
899 130 0.30469 0
900 133 0.30469 0
901 132 0.31641 0
902 130 0.30078 0
903 136 0.28906 0
904 136 0.28516 0
905 136 0.32031 0
906 136 0.31250 0
907 136 0.28906 0
908 142 0.33203 0
909 505 0.37891 0
910 517 0.34375 0
911 283 0.33984 0
912 151 0.30859 0
913 152 0.29688 0
914 149 0.31250 0
915 153 0.30859 0
916 151 0.30078 0
917 153 0.31250 0
918 154 0.32031 0
919 517 0.31641 0
920 156 0.32422 0
921 154 0.33984 0
922 160 0.37500 0
923 160 0.37500 0
924 162 0.40625 0
925 160 0.40625 0
926 162 0.39844 0
927 167 0.39062 0
928 166 0.33203 0
929 222 0.36328 0
930 223 0.38281 0
931 168 0.35547 0
932 222 0.35938 0
933 224 0.34375 0
934 225 0.33203 0
935 223 0.34375 0
936 223 0.35156 0
937 223 0.35938 0
938 225 0.35938 0
939 227 0.35938 0
940 228 0.32812 0
941 469 0.35547 0
942 177 0.38672 0
943 178 0.33984 0
944 178 0.35938 0
945 441 0.36719 0
946 272 0.38281 0
947 440 0.41406 0
948 585 0.39062 0
949 238 0.37891 0
950 441 0.37109 0
951 441 0.35156 0
952 187 0.37891 0
953 588 0.35547 0
954 582 0.41406 0
955 304 0.38672 0
956 308 0.39453 0
957 577 0.35547 0
958 579 0.32031 0
959 579 0.38672 0
960 192 0.34766 0
961 192 0.32812 0
962 195 0.37500 0
963 477 0.37891 0
964 200 0.34375 0
965 200 0.35156 0
966 612 0.34766 0
967 619 0.39062 0
968 201 0.38281 0
969 304 0.35547 0
970 304 0.32422 0
971 304 0.32031 0
972 304 0.32031 0
973 305 0.32422 0
974 304 0.33984 0
975 207 0.35938 0
976 207 0.35156 0
977 207 0.34766 0
978 209 0.35547 0
979 209 0.38672 0
980 311 0.36719 0
981 310 0.39062 0
982 671 0.39453 0
983 671 0.36719 0
984 673 0.34375 0
985 673 0.34766 0
986 604 0.34375 0
987 674 0.33594 0
988 643 0.38281 0
989 515 0.36719 0
990 673 0.37500 0
991 638 0.39453 0
992 183 0.38281 0
993 466 0.37891 0
994 464 0.36328 0
995 628 0.38672 0
996 465 0.39453 0
997 188 0.38672 0
998 641 0.39062 0
999 641 0.39453 0
1000 641 0.36328 0
1001 643 0.36328 0
1002 643 0.36328 0
1003 197 0.35156 0
1004 197 0.33984 0
1005 197 0.37891 0
1006 677 0.36719 0
1007 183 0.36328 0
1008 178 0.37500 0
1009 641 0.37891 0
1010 648 0.32422 0
1011 648 0.31641 0
1012 648 0.35156 0
1013 614 0.39844 0
1014 174 0.35938 0
1015 609 0.37109 0
1016 316 0.35156 0
1017 174 0.35156 0
1018 223 0.35938 0
1019 173 0.32422 0
1020 171 0.35156 0
1021 223 0.35156 0
1022 172 0.33594 0
1023 224 0.33984 0
1024 168 0.35156 0
1025 228 0.31641 0
1026 228 0.31641 0
1027 229 0.28125 0
1028 229 0.29688 0
1029 229 0.31250 0
1030 229 0.30469 0
1031 313 0.33203 0
1032 214 0.34375 0
1033 233 0.33203 0
1034 214 0.33594 0
1035 316 0.35156 0
1036 729 0.33594 0
1037 731 0.30859 0
1038 729 0.34375 0
1039 187 0.31250 0
1040 729 0.34766 0
1041 187 0.28125 0
1042 188 0.31641 0
1043 188 0.30859 0
1044 188 0.31250 0
1045 187 0.35547 0
1046 187 0.37500 0
1047 675 0.36328 0
1048 677 0.39062 0
1049 432 0.37891 0
1050 256 0.36719 0
1051 648 0.33203 0
1052 648 0.32812 0
1053 675 0.37500 0
1054 674 0.34766 0
1055 675 0.38281 0
1056 675 0.39062 0
1057 650 0.33203 0
1058 173 0.39062 0
1059 582 0.37109 0
1060 656 0.37500 0
1061 582 0.34375 0
1062 724 0.35547 0
1063 271 0.31250 0
1064 271 0.32812 0
1065 272 0.37109 0
1066 271 0.39453 0
1067 397 0.33984 0
1068 221 0.38281 0
1069 310 0.41016 0
1070 478 0.42578 0
1071 717 0.41016 0
1072 305 0.38672 0
1073 207 0.39844 0
1074 403 0.37500 0
1075 400 0.34766 0
1076 476 0.38672 0
1077 736 0.37891 0
1078 604 0.35938 0
1079 604 0.31641 0
1080 648 0.38281 0
1081 648 0.37109 0
1082 648 0.35938 0
1083 606 0.37891 0
1084 607 0.38672 0
1085 608 0.33594 0
1086 611 0.30469 0
1087 611 0.32031 0
1088 588 0.35547 0
1089 614 0.30859 0
1090 614 0.30469 0
1091 192 0.37891 0
1092 738 0.35547 0
1093 593 0.36719 0
1094 304 0.35156 0
1095 310 0.33984 0
1096 749 0.35938 0
1097 309 0.36719 0
1098 669 0.35938 0
1099 667 0.33984 0
1100 748 0.35156 0
1101 748 0.33984 0
1102 749 0.34766 0
1103 322 0.31641 0
1104 735 0.34766 0
1105 734 0.32422 0
1106 735 0.32422 0
1107 591 0.33984 0
1108 591 0.33203 0
1109 223 0.35938 0
1110 319 0.33984 0
1111 319 0.32031 0
1112 735 0.32812 0
1113 735 0.35156 0
1114 315 0.35156 0
1115 587 0.30859 0
1116 586 0.34766 0
1117 588 0.33594 0
1118 311 0.35156 0
1119 577 0.32812 0
1120 577 0.32422 0
1121 615 0.35547 0
1122 613 0.33984 0
1123 610 0.29297 0
1124 609 0.28906 0
1125 609 0.27344 0
1126 609 0.27344 0
1127 607 0.29688 0
1128 608 0.33984 0
1129 607 0.33984 0
1130 607 0.29297 0
1131 608 0.31250 0
1132 676 0.30078 0
1133 675 0.30078 0
1134 675 0.27734 0
1135 674 0.28516 0
1136 673 0.29297 0
1137 673 0.26953 0
1138 733 0.35547 0
1139 733 0.36328 0
1140 315 0.36719 0
1141 215 0.34375 0
1142 214 0.35938 0
1143 317 0.35156 0
1144 214 0.37500 0
1145 214 0.34766 0
1146 392 0.35547 0
1147 392 0.35547 0
1148 392 0.34766 0
1149 382 0.37109 0
1150 382 0.35938 0
1151 756 0.34766 0
1152 227 0.34375 0
1153 223 0.35938 0
1154 223 0.33984 0
1155 220 0.31641 0
1156 215 0.33203 0
1157 219 0.32422 0
1158 213 0.33984 0
1159 214 0.34766 0
1160 216 0.33984 0
1161 216 0.33203 0
1162 215 0.33203 0
1163 215 0.30859 0
1164 216 0.32422 0
1165 214 0.30469 0
1166 214 0.30859 0
1167 214 0.31641 0
1168 208 0.37109 0
1169 211 0.30469 0
1170 210 0.33594 0
1171 210 0.35938 0
1172 210 0.33984 0
1173 210 0.36328 0
1174 200 0.35938 0
1175 200 0.34375 0
1176 482 0.42188 0
1177 252 0.38281 0
1178 252 0.39844 0
1179 252 0.39453 0
1180 252 0.37891 0
1181 253 0.37891 0
1182 253 0.37109 0
1183 254 0.38672 0
1184 484 0.38672 0
1185 484 0.37109 0
1186 418 0.36719 0
1187 254 0.37109 0
1188 524 0.41016 0
1189 486 0.39062 0
1190 256 0.40625 0
1191 496 0.41797 0
1192 833 0.42578 0
1193 486 0.38281 0
1194 496 0.40625 0
1195 197 0.36719 0
1196 494 0.41797 0
1197 493 0.38672 0
1198 493 0.38672 0
1199 806 0.41797 0
1200 493 0.40234 0
1201 808 0.39844 0
1202 99 0.39844 0
1203 114 0.43750 0
1204 899 0.39453 0
1205 497 0.38281 0
1206 497 0.37500 0
1207 497 0.34766 0
1208 817 0.36328 0
1209 817 0.35938 0
1210 817 0.35547 0
1211 895 0.39453 0
1212 895 0.37891 0
1213 3 0.40625 0
1214 89 0.37891 0
1215 89 0.39062 0
1216 9 0.38672 0
1217 897 0.38672 0
1218 897 0.37109 0
1219 897 0.32422 0
1220 5 0.41016 0
1221 9 0.39844 0
1222 8 0.40625 0
1223 902 0.38281 0
1224 119 0.40234 0
1225 903 0.39453 0
1226 119 0.39453 0
1227 119 0.39844 0
1228 125 0.42188 0
1229 129 0.39844 0
1230 797 0.38672 0
1231 134 0.37500 0
1232 131 0.39062 0
1233 132 0.40625 0
1234 894 0.38281 0
1235 887 0.39844 0
1236 133 0.40625 0
1237 105 0.40625 0
1238 133 0.38281 0
1239 894 0.35156 0
1240 896 0.39062 0
1241 889 0.40625 0
1242 499 0.41016 0
1243 499 0.41406 0
1244 499 0.38672 0
1245 499 0.37500 0
1246 44 0.38672 0
1247 906 0.41016 0
1248 881 0.39844 0
1249 882 0.39062 0
1250 439 0.39844 0
1251 436 0.37109 0
1252 437 0.35547 0
1253 438 0.32812 0
1254 440 0.34766 0
1255 439 0.35547 0
1256 436 0.36719 0
1257 538 0.39453 0
1258 166 0.36328 0
1259 238 0.37109 0
1260 166 0.39453 0
1261 446 0.39062 0
1262 660 0.37109 0
1263 669 0.40234 0
1264 453 0.34766 0
1265 453 0.35156 0
1266 453 0.35156 0
1267 455 0.35547 0
1268 654 0.33594 0
1269 455 0.30078 0
1270 736 0.37109 0
1271 735 0.35547 0
1272 682 0.36719 0
1273 666 0.37500 0
1274 672 0.40625 0
1275 939 0.37891 0
1276 659 0.38672 0
1277 661 0.35938 0
1278 661 0.37500 0
1279 661 0.36719 0
1280 661 0.36719 0
1281 588 0.37109 0
1282 588 0.37109 0
1283 652 0.35156 0
1284 618 0.36719 0
1285 484 0.37500 0
1286 268 0.31250 0
1287 669 0.35938 0
1288 267 0.34375 0
1289 679 0.37109 0
1290 445 0.34766 0
1291 445 0.32812 0
1292 537 0.35938 0
1293 475 0.34375 0
1294 474 0.33203 0
1295 473 0.34766 0
1296 436 0.32812 0
1297 438 0.33594 0
1298 436 0.36328 0
1299 177 0.36719 0
1300 430 0.34375 0
1301 430 0.31641 0
1302 541 0.16016 1
1303 541 0.16797 1
1304 541 0.16406 1
1305 542 0.15625 1
1306 544 0.16016 1
1307 545 0.14844 1
1308 545 0.14453 1
1309 546 0.16406 1
1310 546 0.18359 1
1311 551 0.20312 1
1312 552 0.16797 1
1313 553 0.18359 1
1314 554 0.18750 1
1315 556 0.21875 1
1316 558 0.19922 1
1317 558 0.20703 1
1318 559 0.20703 1
1319 561 0.17969 1
1320 562 0.17578 1
1321 562 0.16406 1
1322 563 0.16797 1
1323 566 0.16016 1
1324 566 0.14453 1
1325 567 0.13281 1
1326 568 0.11719 1
1327 569 0.12891 1
1328 569 0.12500 1
1329 570 0.12500 1
1330 572 0.09375 1
1331 573 0.08594 1
1332 574 0.11328 1
1333 575 0.09375 1
1334 576 0.07422 1
1335 577 0.07422 1
1336 578 0.08984 1
1337 579 0.08203 1
1338 580 0.07812 1
1339 581 0.07422 1
1340 582 0.07422 1
1341 583 0.05859 1
1342 584 0.11328 1
1343 585 0.07031 1
1344 586 0.05859 1
1345 587 0.07031 1
1346 588 0.08203 1
1347 589 0.05078 1
1348 590 0.05859 1
1349 591 0.05859 1
1350 592 0.06641 1
1351 593 0.08594 1
1352 594 0.08594 1
1353 596 0.08984 1
1354 596 0.04297 1
1355 598 0.07422 1
1356 599 0.07422 1
1357 600 0.07422 1
1358 601 0.08984 1
1359 602 0.07031 1
1360 603 0.06250 1
1361 604 0.08203 1
1362 605 0.06641 1
1363 606 0.07422 1
1364 607 0.05859 1
1365 608 0.02734 1
1366 609 0.05078 1
1367 610 0.04297 1
1368 611 0.08203 1
1369 612 0.05078 1
1370 613 0.07812 1
1371 614 0.05859 1
1372 616 0.05859 1
1373 617 0.09766 1
1374 618 0.07031 1
1375 618 0.07031 1
1376 620 0.08203 1
1377 621 0.06641 1
1378 622 0.06641 1
1379 623 0.07031 1
1380 624 0.09375 1
1381 625 0.07422 1
1382 626 0.05469 1
1383 627 0.05078 1
1384 628 0.06641 1
1385 629 0.07031 1
1386 630 0.06641 1
1387 632 0.07422 1
1388 632 0.11719 1
1389 633 0.08984 1
1390 634 0.06641 1
1391 636 0.07031 1
1392 637 0.06641 1
1393 638 0.05078 1
1394 639 0.08594 1
1395 640 0.07422 1
1396 641 0.08984 1
1397 642 0.05859 1
1398 643 0.06641 1
1399 644 0.06250 1
1400 645 0.06641 1
1401 646 0.07031 1
1402 647 0.06641 1
1403 648 0.06641 1
1404 649 0.07031 1
1405 650 0.10156 1
1406 652 0.11719 1
1407 653 0.08984 1
1408 654 0.06250 1
1409 655 0.07812 1
1410 656 0.04688 1
1411 657 0.04297 1
1412 658 0.06250 1
1413 660 0.08594 1
1414 660 0.05859 1
1415 662 0.07422 1
1416 663 0.08594 1
1417 664 0.08594 1
1418 665 0.09375 1
1419 666 0.03906 1
1420 667 0.05078 1
1421 668 0.07422 1
1422 669 0.06641 1
1423 670 0.07812 1
1424 671 0.09375 1
1425 672 0.07812 1
1426 673 0.07422 1
1427 675 0.07031 1
1428 676 0.07422 1
1429 677 0.09375 1
1430 678 0.08203 1
1431 679 0.08203 1
1432 680 0.05078 1
1433 681 0.09766 1
1434 683 0.08594 1
1435 684 0.08594 1
1436 684 0.08984 1
1437 686 0.09375 1
1438 687 0.05469 1
1439 688 0.08203 1
1440 689 0.10156 1
1441 690 0.09375 1
1442 691 0.08203 1
1443 693 0.11719 1
1444 694 0.14062 1
1445 694 0.10938 1
1446 696 0.08984 1
1447 698 0.08594 1
1448 698 0.07422 1
1449 700 0.08594 1
1450 700 0.10156 1
1451 702 0.09375 1
1452 703 0.10156 1
1453 704 0.07031 1
1454 705 0.10156 1
1455 706 0.08984 1
1456 708 0.09766 1
1457 708 0.10547 1
1458 710 0.08594 1
1459 711 0.10156 1
1460 712 0.10938 1
1461 713 0.13672 1
1462 715 0.12109 1
1463 715 0.08594 1
1464 717 0.09375 1
1465 718 0.10547 1
1466 719 0.09375 1
1467 720 0.06250 1
1468 721 0.07422 1
1469 723 0.07422 1
1470 724 0.10547 1
1471 725 0.08203 1
1472 726 0.07031 1
1473 728 0.07031 1
1474 728 0.08984 1
1475 730 0.08203 1
1476 731 0.07812 1
1477 732 0.10156 1
1478 733 0.07422 1
1479 734 0.08594 1
1480 735 0.07422 1
1481 736 0.08984 1
1482 738 0.13281 1
1483 738 0.12109 1
1484 740 0.10938 1
1485 741 0.08984 1
1486 742 0.08203 1
1487 743 0.10156 1
1488 744 0.10547 1
1489 746 0.10938 1
1490 747 0.10156 1
1491 748 0.08594 1
1492 748 0.07812 1
1493 749 0.08984 1
1494 750 0.05859 1
1495 752 0.07812 1
1496 753 0.05078 1
1497 754 0.06250 1
1498 755 0.05078 1
1499 756 0.07422 1
1500 757 0.08203 1
1501 757 0.08594 1
1502 759 0.10938 1
1503 761 0.09375 1
1504 761 0.09766 1
1505 762 0.10938 1
1506 763 0.09766 1
1507 764 0.11719 1
1508 765 0.16016 1
1509 766 0.13672 1
1510 768 0.13672 1
1511 768 0.17188 1
1512 770 0.20312 1
1513 770 0.20312 1
1514 772 0.19922 1
1515 773 0.15625 1
1516 774 0.16406 1
1517 776 0.16406 1
1518 777 0.21094 1
1519 777 0.20703 1
1520 779 0.19922 1
1521 780 0.16406 1
1522 780 0.18359 1
1523 780 0.18359 1
1524 780 0.18750 1
1525 784 0.20703 1
1526 784 0.21094 1
1527 784 0.16406 1
1528 784 0.17969 1
1529 785 0.18359 1
1530 788 0.17188 1
1531 791 0.16797 1
1532 791 0.13281 1
1533 791 0.12109 1
1534 791 0.12109 1
1535 790 0.11328 1
1536 790 0.12109 1
1537 790 0.14062 1
1538 791 0.11719 1
1539 794 0.12500 1
1540 791 0.12500 1
1541 794 0.12500 1
1542 794 0.10156 1
1543 795 0.10938 1
1544 796 0.10547 1
1545 796 0.09375 1
1546 796 0.10547 1
1547 800 0.12891 1
1548 797 0.11719 1
1549 799 0.12891 1
1550 801 0.13672 1
1551 800 0.12500 1
1552 800 0.14062 1
1553 800 0.16016 1
1554 802 0.18359 1
1555 803 0.19531 1
1556 804 0.19531 1
1557 806 0.21875 1
1558 808 0.25000 1
1559 807 0.25391 1
1560 807 0.27734 1
1561 807 0.26562 1
1562 808 0.29688 1
1563 809 0.32812 0
1564 811 0.35156 0
1565 804 0.42969 0
1566 804 0.39453 0
1567 126 0.37891 0
1568 804 0.41797 0
1569 805 0.41016 0
1570 804 0.39453 0
1571 804 0.37891 0
1572 121 0.38281 0
1573 805 0.42578 0
1574 99 0.38672 0
1575 100 0.39453 0
1576 817 0.40234 0
1577 811 0.40625 0
1578 813 0.38672 0
1579 813 0.38672 0
1580 129 0.39844 0
1581 129 0.42578 0
1582 433 0.40234 0
1583 433 0.38672 0
1584 436 0.40234 0
1585 715 0.37891 0
1586 1261 0.35938 0
1587 1261 0.33594 0
1588 1265 0.38281 0
1589 1170 0.38672 0
1590 765 0.32031 0
1591 1270 0.34766 0
1592 1270 0.36328 0
1593 174 0.38672 0
1594 173 0.39844 0
1595 757 0.39453 0
1596 1038 0.37109 0
1597 728 0.38281 0
1598 757 0.40234 0
1599 325 0.36328 0
1600 325 0.34766 0
1601 337 0.35938 0
1602 325 0.37500 0
1603 331 0.41406 0
1604 330 0.40234 0
1605 639 0.41797 0
1606 348 0.38672 0
1607 345 0.41797 0
1608 739 0.40234 0
1609 247 0.35938 0
1610 247 0.37891 0
1611 248 0.35938 0
1612 250 0.38672 0
1613 248 0.40234 0
1614 190 0.38672 0
1615 299 0.36328 0
1616 629 0.39062 0
1617 195 0.39453 0
1618 1003 0.38672 0
1619 1003 0.39062 0
1620 1003 0.37109 0
1621 1003 0.37109 0
1622 1005 0.39844 0
1623 625 0.39453 0
1624 998 0.40234 0
1625 639 0.38672 0
1626 254 0.34375 0
1627 256 0.36719 0
1628 256 0.38672 0
1629 259 0.37109 0
1630 259 0.36719 0
1631 260 0.36719 0
1632 627 0.34766 0
1633 725 0.42969 0
1634 725 0.35938 0
1635 724 0.36719 0
1636 211 0.39062 0
1637 1162 0.40625 0
1638 479 0.35156 0
1639 399 0.35938 0
1640 1166 0.36719 0
1641 399 0.35938 0
1642 1119 0.33594 0
1643 311 0.37500 0
1644 200 0.35547 0
1645 200 0.36328 0
1646 1008 0.32812 0
1647 1054 0.36719 0
1648 1004 0.30469 0
1649 1003 0.33203 0
1650 1001 0.33984 0
1651 996 0.28125 0
1652 997 0.31250 0
1653 994 0.34375 0
1654 183 0.32422 0
1655 184 0.32422 0
1656 183 0.32812 0
1657 182 0.30078 0
1658 980 0.30078 0
1659 980 0.35156 0
1660 1070 0.33594 0
1661 1071 0.31641 0
1662 1071 0.32422 0
1663 1067 0.35156 0
1664 1067 0.37109 0
1665 1067 0.38672 0
1666 310 0.38672 0
1667 310 0.37500 0
1668 1153 0.35938 0
1669 1153 0.38281 0
1670 1156 0.40234 0
1671 1167 0.39453 0
1672 723 0.32031 0
1673 725 0.35938 0
1674 728 0.30469 0
1675 724 0.39062 0
1676 725 0.38281 0
1677 601 0.35938 0
1678 600 0.37109 0
1679 1077 0.34766 0
1680 639 0.36328 0
1681 466 0.37500 0
1682 675 0.37891 0
1683 470 0.35156 0
1684 596 0.36719 0
1685 470 0.34766 0
1686 1043 0.33984 0
1687 732 0.38281 0
1688 1061 0.39062 0
1689 1099 0.41016 0
1690 1099 0.40625 0
1691 725 0.38281 0
1692 1064 0.37500 0
1693 213 0.38672 0
1694 311 0.35156 0
1695 310 0.35156 0
1696 749 0.38672 0
1697 753 0.33594 0
1698 1028 0.39062 0
1699 1139 0.37109 0
1700 1075 0.35547 0
1701 1028 0.36719 0
1702 1039 0.34375 0
1703 1040 0.35547 0
1704 1037 0.35938 0
1705 1393 0.35547 0
1706 595 0.39844 0
1707 470 0.30469 0
1708 736 0.33594 0
1709 1104 0.30469 0
1710 1348 0.32031 0
1711 935 0.35938 0
1712 936 0.36328 0
1713 729 0.33984 0
1714 586 0.30078 0
1715 1040 0.32031 0
1716 748 0.36328 0
1717 1032 0.34375 0
1718 312 0.32812 0
1719 313 0.36719 0
1720 1027 0.33203 0
1721 1027 0.32422 0
1722 1029 0.34766 0
1723 1061 0.34375 0
1724 1058 0.35547 0
1725 609 0.36328 0
1726 609 0.35938 0
1727 1139 0.33203 0
1728 1125 0.30469 0
1729 1129 0.33984 0
1730 1129 0.31250 0
1731 1134 0.37500 0
1732 1083 0.37109 0
1733 607 0.34375 0
1734 256 0.33594 0
1735 256 0.34766 0
1736 1361 0.33203 0
1737 1361 0.30078 0
1738 1107 0.32812 0
1739 601 0.30859 0
1740 1075 0.32812 0
1741 1139 0.31250 0
1742 1026 0.31250 0
1743 224 0.31641 0
1744 1022 0.31641 0
1745 1036 0.31641 0
1746 1148 0.35156 0
1747 1035 0.33203 0
1748 1033 0.33594 0
1749 1032 0.33203 0
1750 1032 0.33984 0
1751 1140 0.36328 0
1752 161 0.37109 0
1753 1029 0.35156 0
1754 1029 0.33203 0
1755 210 0.35938 0
1756 210 0.35938 0
1757 208 0.35156 0
1758 1101 0.35156 0
1759 1018 0.32812 0
1760 358 0.35547 0
1761 1037 0.33984 0
1762 358 0.33984 0
1763 263 0.36328 0
1764 339 0.37109 0
1765 338 0.38281 0
1766 338 0.35938 0
1767 642 0.35938 0
1768 641 0.39844 0
1769 632 0.36328 0
1770 635 0.37500 0
1771 633 0.37891 0
1772 635 0.37500 0
1773 331 0.34375 0
1774 1004 0.41016 0
1775 1384 0.37891 0
1776 328 0.35156 0
1777 1040 0.34375 0
1778 1040 0.34375 0
1779 1396 0.32422 0
1780 1396 0.35156 0
1781 599 0.42188 0
1782 1404 0.42188 0
1783 363 0.31641 0
1784 1039 0.42578 0
1785 362 0.34766 0
1786 362 0.32422 0
1787 1017 0.37500 0
1788 362 0.33984 0
1789 310 0.37500 0
1790 311 0.39062 0
1791 363 0.34375 0
1792 363 0.34766 0
1793 363 0.34766 0
1794 312 0.36719 0
1795 318 0.32812 0
1796 1033 0.38672 0
1797 1326 0.37500 0
1798 1326 0.40625 0
1799 1140 0.38672 0
1800 1134 0.39844 0
1801 588 0.38672 0
1802 1135 0.36328 0
1803 1137 0.35938 0
1804 1137 0.34766 0
1805 1137 0.40234 0
1806 1137 0.40234 0
1807 200 0.37109 0
1808 1138 0.39844 0
1809 1129 0.36719 0
1810 1129 0.38672 0
1811 1129 0.37891 0
1812 1129 0.39844 0
1813 266 0.39844 0
1814 1129 0.41406 0
1815 1288 0.39453 0
1816 574 0.37891 0
1817 208 0.41016 0
1818 261 0.41016 0
1819 1115 0.40625 0
1820 1430 0.41797 0
1821 735 0.41016 0
1822 458 0.39062 0
1823 457 0.39844 0
1824 1106 0.42969 0
1825 735 0.44141 0
1826 1292 0.43359 0
1827 1292 0.40625 0
1828 1293 0.39844 0
1829 455 0.42188 0
1830 455 0.39062 0
1831 455 0.41797 0
1832 455 0.38672 0
1833 420 0.37500 0
1834 420 0.38281 0
1835 262 0.37500 0
1836 261 0.36719 0
1837 455 0.37891 0
1838 262 0.36719 0
1839 262 0.36328 0
1840 263 0.39844 0
1841 263 0.40625 0
1842 595 0.39844 0
1843 626 0.41016 0
1844 262 0.39453 0
1845 263 0.39453 0
1846 261 0.39453 0
1847 330 0.33984 0
1848 209 0.37109 0
1849 209 0.36719 0
1850 210 0.34766 0
1851 208 0.38281 0
1852 208 0.35156 0
1853 1114 0.37891 0
1854 1114 0.35156 0
1855 1048 0.37109 0
1856 1114 0.30078 0
1857 1115 0.38672 0
1858 1115 0.35938 0
1859 1115 0.36719 0
1860 1289 0.35156 0
1861 1288 0.37891 0
1862 1289 0.35938 0
1863 1118 0.34375 0
1864 1040 0.38672 0
1865 209 0.35156 0
1866 209 0.37109 0
1867 1178 0.40234 0
1868 1301 0.37891 0
1869 736 0.39062 0
1870 736 0.35938 0
1871 1373 0.33594 0
1872 1373 0.33984 0
1873 1128 0.34766 0
1874 261 0.36719 0
1875 641 0.39062 0
1876 994 0.40234 0
1877 458 0.38281 0
1878 622 0.38672 0
1879 1002 0.38672 0
1880 624 0.37891 0
1881 1381 0.35547 0
1882 735 0.35547 0
1883 466 0.37500 0
1884 467 0.36719 0
1885 666 0.39844 0
1886 743 0.34766 0
1887 1487 0.37891 0
1888 1133 0.40234 0
1889 1133 0.38281 0
1890 1491 0.39062 0
1891 1491 0.35938 0
1892 264 0.37109 0
1893 1483 0.37500 0
1894 1014 0.37500 0
1895 1016 0.37891 0
1896 1014 0.38281 0
1897 1016 0.39844 0
1898 1014 0.38281 0
1899 1008 0.37109 0
1900 263 0.39453 0
1901 1178 0.41797 0
1902 996 0.38672 0
1903 1002 0.35156 0
1904 992 0.39062 0
1905 626 0.38672 0
1906 493 0.40625 0
1907 991 0.38281 0
1908 494 0.35938 0
1909 1456 0.36719 0
1910 501 0.36328 0
1911 706 0.35547 0
1912 704 0.39844 0
1913 707 0.35156 0
1914 505 0.36328 0
1915 706 0.37109 0
1916 1454 0.35156 0
1917 704 0.36328 0
1918 511 0.34375 0
1919 1451 0.38281 0
1920 285 0.40234 0
1921 288 0.37109 0
1922 284 0.40234 0
1923 285 0.37109 0
1924 428 0.36719 0
1925 432 0.40234 0
1926 428 0.35547 0
1927 493 0.35938 0
1928 484 0.39453 0
1929 537 0.37109 0
1930 433 0.34375 0
1931 438 0.37109 0
1932 515 0.39062 0
1933 514 0.35547 0
1934 514 0.34766 0
1935 1424 0.37109 0
1936 431 0.35938 0
1937 432 0.36328 0
1938 992 0.36328 0
1939 992 0.37891 0
1940 992 0.38672 0
1941 993 0.38672 0
1942 992 0.35547 0
1943 993 0.35938 0
1944 633 0.36719 0
1945 1389 0.34766 0
1946 1001 0.33594 0
1947 1387 0.37109 0
1948 1398 0.33984 0
1949 255 0.37500 0
1950 1004 0.37500 0
1951 1003 0.40625 0
1952 250 0.39844 0
1953 1003 0.39062 0
1954 638 0.38672 0
1955 1003 0.39453 0
1956 643 0.38672 0
1957 1398 0.37109 0
1958 57 0.37109 0
1959 258 0.40234 0
1960 1393 0.39453 0
1961 1001 0.38672 0
1962 994 0.42578 0
1963 995 0.41406 0
1964 1626 0.42578 0
1965 995 0.39062 0
1966 57 0.38672 0
1967 57 0.36719 0
1968 57 0.36328 0
1969 643 0.39062 0
1970 643 0.37891 0
1971 1397 0.37500 0
1972 645 0.39453 0
1973 641 0.40625 0
1974 643 0.41406 0
1975 990 0.42578 0
1976 991 0.43359 0
1977 419 0.37891 0
1978 992 0.38672 0
1979 65 0.35547 0
1980 1297 0.37500 0
1981 65 0.36328 0
1982 65 0.37109 0
1983 1650 0.37109 0
1984 70 0.37500 0
1985 995 0.37109 0
1986 995 0.38281 0
1987 836 0.38281 0
1988 70 0.39062 0
1989 96 0.39453 0
1990 1656 0.37891 0
1991 100 0.41406 0
1992 1654 0.42188 0
1993 99 0.39453 0
1994 1654 0.40625 0
1995 97 0.38281 0
1996 79 0.38672 0
1997 838 0.39844 0
1998 412 0.39844 0
1999 836 0.39844 0
2000 833 0.37891 0
2001 1187 0.39453 0
2002 433 0.38281 0
2003 494 0.40625 0
2004 289 0.38281 0
2005 66 0.41406 0
2006 435 0.41016 0
2007 438 0.41406 0
2008 515 0.41406 0
2009 673 0.37500 0
2010 426 0.39453 0
2011 433 0.36328 0
2012 426 0.36719 0
2013 426 0.39062 0
2014 503 0.37109 0
2015 503 0.37109 0
2016 260 0.39453 0
2017 261 0.37500 0
2018 840 0.33984 0
2019 256 0.41797 0
2020 438 0.40234 0
2021 1651 0.40234 0
2022 259 0.40625 0
2023 1004 0.39453 0
2024 1192 0.38281 0
2025 1299 0.41016 0
2026 262 0.41016 0
2027 262 0.35547 0
2028 266 0.37109 0
2029 187 0.39062 0
2030 187 0.39062 0
2031 438 0.41016 0
2032 436 0.37500 0
2033 438 0.39062 0
2034 1003 0.39453 0
2035 745 0.39453 0
2036 1002 0.37109 0
2037 466 0.39844 0
2038 467 0.34766 0
2039 467 0.38672 0
2040 455 0.38281 0
2041 52 0.35938 0
2042 455 0.36719 0
2043 455 0.36719 0
2044 455 0.36719 0
2045 455 0.35547 0
2046 55 0.36719 0
2047 492 0.35156 0
2048 56 0.35938 0
2049 61 0.33594 0
2050 61 0.33594 0
2051 61 0.34766 0
2052 485 0.37109 0
2053 485 0.39062 0
2054 486 0.35938 0
2055 487 0.37891 0
2056 441 0.37109 0
2057 486 0.40625 0
2058 860 0.39453 0
2059 860 0.37109 0
2060 860 0.33203 0
2061 860 0.33984 0
2062 860 0.34375 0
2063 1447 0.37109 0
2064 1525 0.41406 0
2065 1530 0.39062 0
2066 832 0.39844 0
2067 832 0.40625 0
2068 832 0.39453 0
2069 832 0.39062 0
2070 1525 0.36719 0
2071 1254 0.42188 0
2072 1544 0.39844 0
2073 826 0.41797 0
2074 899 0.39453 0
2075 897 0.37109 0
2076 897 0.37891 0
2077 896 0.39453 0
2078 899 0.38672 0
2079 899 0.40234 0
2080 899 0.39844 0
2081 1573 0.39453 0
2082 136 0.42188 0
2083 1574 0.38281 0
2084 821 0.38281 0
2085 1575 0.34766 0
2086 1574 0.41016 0
2087 1574 0.40234 0
2088 1574 0.39062 0
2089 1235 0.41797 0
2090 1235 0.39844 0
2091 1235 0.41406 0
2092 1575 0.39844 0
2093 1557 0.39844 0
2094 1552 0.40234 0
2095 1553 0.39453 0
2096 1234 0.39844 0
2097 1558 0.39453 0
2098 1231 0.41406 0
2099 1550 0.41406 0
2100 1572 0.41797 0
2101 1235 0.42188 0
2102 1558 0.41406 0
2103 1229 0.38281 0
2104 1230 0.39844 0
2105 1228 0.35938 0
2106 1238 0.40625 0
2107 1228 0.32031 0
2108 1564 0.36719 0
2109 1564 0.39062 0
2110 1565 0.38281 0
2111 1564 0.37891 0
2112 1564 0.38281 0
2113 804 0.39062 0
2114 797 0.37891 0
2115 1226 0.37109 0
2116 20 0.40234 0
2117 22 0.38672 0
2118 21 0.41406 0
2119 1226 0.37891 0
2120 15 0.41406 0
2121 1547 0.37109 0
2122 13 0.41016 0
2123 13 0.40625 0
2124 13 0.39453 0
2125 134 0.41406 0
2126 24 0.41016 0
2127 10 0.39453 0
2128 24 0.41406 0
2129 137 0.40234 0
2130 139 0.41406 0
2131 139 0.41406 0
2132 25 0.37500 0
2133 21 0.43359 0
2134 21 0.40625 0
2135 15 0.42969 0
2136 137 0.41016 0
2137 14 0.39844 0
2138 15 0.37109 0
2139 16 0.37500 0
2140 793 0.39453 0
2141 20 0.39062 0
2142 130 0.39844 0
2143 20 0.41797 0
2144 20 0.42578 0
2145 1228 0.42188 0
2146 1560 0.42578 0
2147 134 0.41016 0
2148 811 0.43359 0
2149 1240 0.42969 0
2150 800 0.42969 0
2151 1239 0.42578 0
2152 1567 0.41016 0
2153 132 0.39844 0
2154 1567 0.42578 0
2155 130 0.39453 0
2156 128 0.39844 0
2157 128 0.39453 0
2158 1558 0.41016 0
2159 1557 0.41406 0
2160 1558 0.36719 0
2161 1560 0.41406 0
2162 1223 0.37891 0
2163 813 0.41016 0
2164 12 0.42188 0
2165 813 0.39453 0
2166 1234 0.37109 0
2167 1234 0.40625 0
2168 1234 0.39453 0
2169 137 0.43750 0
2170 803 0.44922 0
2171 805 0.43359 0
2172 137 0.44531 0
2173 130 0.42578 0
2174 15 0.43359 0
2175 136 0.41406 0
2176 136 0.40234 0
2177 1561 0.40625 0
2178 1572 0.42969 0
2179 1570 0.36719 0
2180 1571 0.38281 0
2181 1569 0.35156 0
2182 1572 0.37109 0
2183 1240 0.35938 0
2184 1244 0.41406 0
2185 1237 0.40234 0
2186 105 0.41406 0
2187 102 0.42578 0
2188 1227 0.41797 0
2189 1230 0.39062 0
2190 1231 0.38672 0
2191 1230 0.40625 0
2192 1234 0.43750 0
2193 1234 0.39844 0
2194 702 0.41406 0
2195 65 0.39844 0
2196 855 0.40625 0
2197 1457 0.38672 0
2198 1190 0.39062 0
2199 1193 0.37500 0
2200 1191 0.36719 0
2201 485 0.37891 0
2202 411 0.40625 0
2203 256 0.38281 0
2204 1834 0.40625 0
2205 256 0.40234 0
2206 1628 0.38281 0
2207 1823 0.38672 0
2208 1822 0.39453 0
2209 993 0.37891 0
2210 419 0.39453 0
2211 418 0.39453 0
2212 505 0.39844 0
2213 988 0.38281 0
2214 1045 0.35547 0
2215 443 0.35938 0
2216 443 0.39453 0
2217 469 0.37109 0
2218 470 0.38281 0
2219 469 0.38281 0
2220 436 0.40625 0
2221 1270 0.38672 0
2222 425 0.40234 0
2223 1270 0.37500 0
2224 44 0.40625 0
2225 1270 0.39062 0
2226 1297 0.38672 0
2227 488 0.40234 0
2228 291 0.37500 0
2229 493 0.38672 0
2230 1295 0.40625 0
2231 1923 0.39844 0
2232 1291 0.38281 0
2233 1931 0.38281 0
2234 1931 0.36719 0
2235 1851 0.37109 0
2236 1850 0.37109 0
2237 1084 0.38672 0
2238 1050 0.38672 0
2239 176 0.39062 0
2240 1115 0.38672 0
2241 1873 0.37109 0
2242 1931 0.37500 0
2243 1396 0.39062 0
2244 1876 0.35547 0
2245 991 0.36719 0
2246 1876 0.37500 0
2247 1627 0.36719 0
2248 1928 0.36328 0
2249 1387 0.37109 0
2250 632 0.35547 0
2251 1654 0.36719 0
2252 1651 0.37109 0
2253 838 0.36719 0
2254 840 0.38281 0
2255 840 0.37500 0
2256 69 0.37109 0
2257 841 0.38672 0
2258 840 0.39062 0
2259 70 0.40625 0
2260 94 0.41016 0
2261 837 0.34375 0
2262 1003 0.39844 0
2263 1003 0.39844 0
2264 1003 0.39453 0
2265 1003 0.40625 0
2266 1003 0.38281 0
2267 1003 0.37891 0
2268 1003 0.37500 0
2269 1002 0.39062 0
2270 856 0.36719 0
2271 855 0.35547 0
2272 93 0.35938 0
2273 110 0.36328 0
2274 855 0.36328 0
2275 106 0.34766 0
2276 104 0.36719 0
2277 106 0.33594 0
2278 106 0.37109 0
2279 103 0.37891 0
2280 103 0.37891 0
2281 105 0.37109 0
2282 103 0.36719 0
2283 101 0.35547 0
2284 106 0.35547 0
2285 104 0.37109 0
2286 804 0.41406 0
2287 1541 0.39844 0
2288 897 0.41406 0
2289 809 0.42969 0
2290 1547 0.44141 0
2291 2 0.43750 0
2292 1 0.44141 0
2293 2 0.42188 0
2294 900 0.42188 0
2295 3 0.42969 0
2296 8 0.40625 0
2297 5 0.42969 0
2298 1211 0.41797 0
2299 4 0.42969 0
2300 14 0.41016 0
2301 12 0.40625 0
2302 12 0.40234 0
2303 1220 0.39844 0
2304 12 0.39844 0
2305 9 0.39844 0
2306 1223 0.41016 0
2307 1223 0.39062 0
2308 1220 0.39844 0
2309 1223 0.39844 0
2310 13 0.41406 0
2311 1220 0.41406 0
2312 1222 0.40234 0
2313 1222 0.39844 0
2314 1222 0.39453 0
2315 19 0.43359 0
2316 1222 0.40234 0
2317 12 0.41406 0
2318 1222 0.41406 0
2319 12 0.40625 0
2320 1230 0.43359 0
2321 12 0.40625 0
2322 15 0.39844 0
2323 17 0.41797 0
2324 1230 0.42578 0
2325 15 0.40625 0
2326 13 0.40625 0
2327 19 0.42188 0
2328 1230 0.41797 0
2329 1230 0.41797 0
2330 11 0.42188 0
2331 17 0.41016 0
2332 17 0.42188 0
2333 1229 0.42969 0
2334 17 0.40625 0
2335 17 0.42578 0
2336 17 0.41406 0
2337 17 0.41406 0
2338 17 0.41016 0
2339 17 0.39844 0
2340 17 0.41406 0
2341 17 0.40625 0
2342 1235 0.43359 0
2343 1230 0.43750 0
2344 17 0.40625 0
2345 17 0.40625 0
2346 17 0.41797 0
2347 1230 0.41406 0
2348 17 0.39453 0
2349 17 0.42969 0
2350 11 0.42969 0
2351 17 0.41016 0
2352 14 0.42188 0
2353 1230 0.42188 0
2354 1230 0.42188 0
2355 18 0.42969 0
2356 1230 0.41016 0
2357 17 0.40625 0
2358 1230 0.42969 0
2359 1230 0.41406 0
2360 17 0.40625 0
2361 17 0.40234 0
2362 17 0.40625 0
2363 1230 0.41797 0
2364 17 0.41016 0
2365 17 0.42969 0
2366 17 0.41406 0
2367 17 0.42578 0
2368 17 0.41797 0
2369 17 0.42188 0
2370 17 0.41406 0
2371 17 0.41406 0
2372 17 0.42188 0
2373 17 0.42969 0
2374 17 0.42969 0
2375 11 0.43359 0
2376 1235 0.43359 0
2377 11 0.42969 0
2378 11 0.42188 0
2379 1230 0.41797 0
2380 1235 0.42188 0
2381 11 0.42578 0
2382 17 0.41797 0
2383 11 0.42969 0
2384 12 0.42188 0
2385 17 0.42188 0
2386 17 0.41406 0
2387 17 0.42188 0
2388 14 0.39844 0
2389 1230 0.41406 0
2390 17 0.42578 0
2391 17 0.42188 0
2392 18 0.42969 0
2393 14 0.41406 0
2394 13 0.41406 0
2395 18 0.43359 0
2396 17 0.41406 0
2397 17 0.41016 0
2398 17 0.42188 0
2399 17 0.39062 0
2400 14 0.39453 0
2401 1229 0.40625 0
2402 18 0.40625 0
2403 15 0.39453 0
2404 1229 0.38281 0
2405 15 0.42188 0
2406 1227 0.38672 0
2407 1227 0.39062 0
2408 17 0.37891 0
2409 1227 0.38672 0
2410 1228 0.39844 0
2411 17 0.39062 0
2412 17 0.33984 0
2413 17 0.33984 0
2414 17 0.33203 0
2415 19 0.32031 0
2416 19 0.30469 0
2417 19 0.26953 1
2418 20 0.29297 1
2419 21 0.24609 1
2420 20 0.23438 1
2421 23 0.25391 1
2422 22 0.19531 1
2423 22 0.18359 1
2424 23 0.14062 1
2425 25 0.14844 1
2426 26 0.13672 1
2427 26 0.12891 1
2428 27 0.11719 1
2429 27 0.14062 1
2430 28 0.11719 1
2431 29 0.09766 1
2432 30 0.09766 1
2433 31 0.13281 1
2434 31 0.08984 1
2435 32 0.08984 1
2436 34 0.10156 1
2437 34 0.08984 1
2438 36 0.12500 1
2439 36 0.12891 1
2440 37 0.10156 1
2441 38 0.08984 1
2442 39 0.08203 1
2443 40 0.08594 1
2444 41 0.10938 1
2445 42 0.09766 1
2446 43 0.11719 1
2447 44 0.10938 1
2448 45 0.13672 1
2449 47 0.10156 1
2450 48 0.10547 1
2451 49 0.11328 1
2452 50 0.12109 1
2453 51 0.08984 1
2454 52 0.10156 1
2455 53 0.10938 1
2456 54 0.08594 1
2457 55 0.10547 1
2458 56 0.07422 1
2459 57 0.08203 1
2460 59 0.10547 1
2461 59 0.07031 1
2462 60 0.11328 1
2463 61 0.08984 1
2464 62 0.10938 1
2465 63 0.10938 1
2466 65 0.11328 1
2467 65 0.08984 1
2468 66 0.08984 1
2469 68 0.10938 1
2470 68 0.05859 1
2471 70 0.08984 1
2472 71 0.12109 1
2473 72 0.07422 1
2474 73 0.08594 1
2475 74 0.07422 1
2476 75 0.08203 1
2477 76 0.12891 1
2478 77 0.08594 1
2479 78 0.08203 1
2480 79 0.09375 1
2481 80 0.11328 1
2482 81 0.10156 1
2483 82 0.07812 1
2484 83 0.08984 1
2485 84 0.08984 1
2486 85 0.08984 1
2487 86 0.08594 1
2488 87 0.08594 1
2489 88 0.08984 1
2490 88 0.07812 1
2491 90 0.11719 1
2492 91 0.08984 1
2493 92 0.10547 1
2494 93 0.13672 1
2495 94 0.07812 1
2496 95 0.05859 1
2497 96 0.10547 1
2498 97 0.11328 1
2499 98 0.08984 1
2500 100 0.11328 1
2501 101 0.10156 1
2502 102 0.12500 1
2503 104 0.09766 1
2504 105 0.10156 1
2505 107 0.14062 1
2506 108 0.14453 1
2507 110 0.14844 1
2508 114 0.15625 1
2509 115 0.12109 1
2510 117 0.10938 1
2511 121 0.12109 1
2512 122 0.10156 1
2513 125 0.08203 1
2514 127 0.09766 1
2515 131 0.09766 1
2516 133 0.14453 1
2517 133 0.16406 1
2518 137 0.23047 1
2519 137 0.30859 1
2520 808 0.32031 0
2521 805 0.34766 0
2522 902 0.43750 0
2523 893 0.40625 0
2524 116 0.38281 0
2525 116 0.37500 0
2526 1204 0.34766 0
2527 2197 0.34766 0
2528 1917 0.40625 0
2529 2195 0.36719 0
2530 2195 0.37500 0
2531 1302 0.35547 0
2532 2002 0.39062 0
2533 55 0.34375 0
2534 1192 0.36328 0
2535 1192 0.34375 0
2536 58 0.35156 0
2537 97 0.35547 0
2538 837 0.34766 0
2539 837 0.33594 0
2540 99 0.31250 0
2541 99 0.30859 0
2542 841 0.34766 0
2543 845 0.33203 0
2544 845 0.32422 0
2545 847 0.30469 0
2546 850 0.28906 0
2547 850 0.27734 0
2548 850 0.27344 0
2549 851 0.30469 0
2550 852 0.31641 0
2551 107 0.35938 0
2552 107 0.38281 0
2553 1999 0.40625 0
2554 2200 0.39453 0
2555 2199 0.37891 0
2556 2199 0.37500 0
2557 2199 0.37891 0
2558 1979 0.37500 0
2559 100 0.34375 0
2560 100 0.36328 0
2561 493 0.37109 0
2562 878 0.30469 0
2563 882 0.32422 0
2564 887 0.30469 0
2565 884 0.27734 0
2566 884 0.28906 0
2567 890 0.28516 0
2568 893 0.28125 0
2569 891 0.25781 0
2570 895 0.28906 0
2571 895 0.29297 0
2572 899 0.33594 0
2573 1557 0.26562 1
2574 1557 0.21484 1
2575 1556 0.12891 1
2576 1559 0.13281 1
2577 1559 0.14453 1
2578 810 0.14844 1
2579 810 0.15234 1
2580 812 0.12500 1
2581 814 0.14453 1
2582 816 0.15234 1
2583 819 0.15625 1
2584 822 0.16406 1
2585 823 0.13672 1
2586 825 0.12109 1
2587 825 0.12891 1
2588 827 0.14844 1
2589 829 0.10547 1
2590 831 0.08203 1
2591 832 0.10156 1
2592 833 0.12500 1
2593 835 0.13672 1
2594 836 0.13281 1
2595 838 0.12891 1
2596 839 0.14062 1
2597 840 0.09766 1
2598 842 0.08203 1
2599 843 0.09766 1
2600 845 0.09766 1
2601 846 0.12109 1
2602 847 0.10156 1
2603 849 0.10547 1
2604 850 0.10938 1
2605 851 0.09766 1
2606 853 0.12500 1
2607 854 0.10938 1
2608 854 0.10547 1
2609 857 0.09375 1
2610 857 0.09375 1
2611 859 0.06250 1
2612 860 0.09375 1
2613 862 0.12891 1
2614 862 0.13281 1
2615 865 0.09766 1
2616 865 0.12500 1
2617 867 0.16797 1
2618 869 0.21875 1
2619 869 0.16797 1
2620 872 0.16406 1
2621 874 0.14844 1
2622 874 0.15234 1
2623 877 0.14844 1
2624 880 0.20703 1
2625 881 0.20312 1
2626 884 0.15625 1
2627 1039 0.36719 0
2628 1057 0.31641 0
2629 1040 0.33984 0
2630 1040 0.39844 0
2631 1045 0.38281 0
2632 1013 0.38672 0
2633 1372 0.38672 0
2634 1644 0.40625 0
2635 413 0.39453 0
2636 419 0.34766 0
2637 419 0.35547 0
2638 512 0.37891 0
2639 506 0.39844 0
2640 496 0.39062 0
2641 120 0.36328 0
2642 120 0.37891 0
2643 116 0.37891 0
2644 502 0.39844 0
2645 91 0.37891 0
2646 298 0.41406 0
2647 73 0.40625 0
2648 511 0.39453 0
2649 63 0.38672 0
2650 2250 0.36328 0
2651 2248 0.35938 0
2652 2248 0.35547 0
2653 2229 0.35547 0
2654 2204 0.36328 0
2655 2246 0.36328 0
2656 2245 0.33984 0
2657 837 0.34766 0
2658 58 0.35547 0
2659 59 0.34766 0
2660 60 0.39844 0
2661 2242 0.35156 0
2662 2242 0.37109 0
2663 2239 0.37500 0
2664 2196 0.37500 0
2665 2216 0.38281 0
2666 2234 0.34766 0
2667 2234 0.39062 0
2668 2212 0.34766 0
2669 2215 0.38672 0
2670 450 0.42188 0
2671 880 0.42578 0
2672 862 0.33203 0
2673 861 0.32031 0
2674 862 0.31641 0
2675 862 0.36328 0
2676 865 0.35547 0
2677 868 0.37109 0
2678 867 0.35938 0
2679 868 0.34375 0
2680 1918 0.38281 0
2681 1533 0.35547 0
2682 1919 0.35547 0
2683 1919 0.35156 0
2684 2196 0.34375 0
2685 2195 0.37891 0
2686 857 0.36719 0
2687 120 0.38281 0
2688 115 0.36328 0
2689 118 0.34766 0
2690 118 0.34766 0
2691 890 0.30469 0
2692 1234 0.33984 0
2693 126 0.33984 0
2694 1230 0.33984 0
2695 1230 0.36328 0
2696 1233 0.33984 0
2697 1233 0.35156 0
2698 1233 0.35156 0
2699 808 0.33203 0
2700 2194 0.34375 0
2701 1235 0.39453 0
2702 1236 0.39062 0
2703 813 0.37500 0
2704 813 0.37891 0
2705 2199 0.37109 0
2706 1928 0.36719 0
2707 1928 0.35156 0
2708 1928 0.36328 0
2709 1928 0.35938 0
2710 2028 0.40625 0
2711 1931 0.37109 0
2712 1931 0.38672 0
2713 1928 0.41016 0
2714 1928 0.37891 0
2715 2026 0.34375 0
2716 469 0.33594 0
2717 1264 0.30859 0
2718 1265 0.34766 0
2719 1264 0.33203 0
2720 1265 0.35547 0
2721 2019 0.39453 0
2722 2019 0.35938 0
2723 1272 0.32031 0
2724 2026 0.40625 0
2725 1276 0.33203 0
2726 1275 0.33203 0
2727 1278 0.30859 0
2728 1412 0.36328 0
2729 1286 0.33984 0
2730 484 0.39453 0
2731 1503 0.38672 0
2732 1503 0.39453 0
2733 1293 0.32031 0
2734 1296 0.31250 0
2735 682 0.35938 0
2736 1297 0.32812 0
2737 531 0.33984 0
2738 526 0.34766 0
2739 1863 0.31250 0
2740 1430 0.34766 0
2741 2233 0.35938 0
2742 2201 0.37500 0
2743 2204 0.37891 0
2744 1908 0.35156 0
2745 492 0.34766 0
2746 1993 0.37891 0
2747 1995 0.40234 0
2748 1916 0.39844 0
2749 2196 0.36719 0
2750 295 0.37109 0
2751 505 0.39453 0
2752 501 0.37500 0
2753 501 0.38281 0
2754 505 0.34766 0
2755 1985 0.39062 0
2756 1915 0.37891 0
2757 1913 0.37891 0
2758 72 0.37109 0
2759 508 0.40234 0
2760 496 0.40234 0
2761 498 0.39844 0
