301 1 0.46094 0
302 1 0.50781 0
303 1 0.48047 0
304 1 0.45703 0
305 1 0.50391 0
306 1 0.44531 0
307 1 0.47656 0
308 1 0.50391 0
309 1 0.52734 0
310 1 0.51172 0
311 8 0.40234 0
312 6 0.40234 0
313 6 0.39453 0
314 6 0.39062 0
315 9 0.44922 0
316 11 0.42969 0
317 11 0.45312 0
318 3 0.43750 0
319 10 0.47656 0
320 10 0.45703 0
321 10 0.39453 0
322 10 0.37109 0
323 8 0.42188 0
324 20 0.39844 0
325 13 0.41016 0
326 14 0.39453 0
327 11 0.37500 0
328 16 0.37109 0
329 10 0.36328 0
330 15 0.39062 0
331 11 0.36328 0
332 10 0.37500 0
333 19 0.42578 0
334 8 0.38672 0
335 6 0.40234 0
336 19 0.42578 0
337 19 0.42578 0
338 25 0.43359 0
339 25 0.42969 0
340 24 0.39453 0
341 39 0.49609 0
342 24 0.41406 0
343 1 0.47266 0
344 5 0.48047 0
345 11 0.45312 0
346 10 0.46094 0
347 8 0.43359 0
348 18 0.41016 0
349 13 0.44531 0
350 12 0.44531 0
351 6 0.41016 0
352 10 0.38281 0
353 12 0.38672 0
354 12 0.32422 0
355 49 0.40234 0
356 10 0.41797 0
357 12 0.41016 0
358 13 0.41016 0
359 13 0.42188 0
360 11 0.38281 0
361 13 0.39844 0
362 4 0.45703 0
363 11 0.44922 0
364 6 0.44531 0
365 4 0.42969 0
366 19 0.42578 0
367 6 0.42188 0
368 6 0.42578 0
369 5 0.39453 0
370 56 0.43359 0
371 66 0.43750 0
372 12 0.44922 0
373 8 0.43359 0
374 1 0.42188 0
375 8 0.42969 0
376 4 0.38672 0
377 4 0.40625 0
378 3 0.39453 0
379 67 0.41797 0
380 66 0.41016 0
381 11 0.45312 0
382 18 0.42578 0
383 16 0.42969 0
384 18 0.44531 0
385 24 0.42578 0
386 14 0.45703 0
387 4 0.44141 0
388 49 0.43750 0
389 51 0.41797 0
390 53 0.43359 0
391 4 0.41406 0
392 65 0.44922 0
393 65 0.44531 0
394 5 0.41797 0
395 70 0.40234 0
396 5 0.40234 0
397 5 0.41016 0
398 5 0.41406 0
399 6 0.41797 0
400 5 0.39453 0
401 1 0.39453 0
402 2 0.44531 0
403 5 0.43359 0
404 83 0.42578 0
405 82 0.38672 0
406 83 0.40234 0
407 83 0.36719 0
408 83 0.40234 0
409 85 0.43359 0
410 83 0.42188 0
411 9 0.41406 0
412 12 0.39844 0
413 11 0.43359 0
414 85 0.42578 0
415 98 0.42969 0
416 1 0.41406 0
417 10 0.40625 0
418 98 0.41406 0
419 11 0.39453 0
420 95 0.40625 0
421 56 0.41016 0
422 56 0.41016 0
423 52 0.39844 0
424 54 0.42188 0
425 1 0.41406 0
426 4 0.41797 0
427 5 0.41406 0
428 1 0.39453 0
429 2 0.40625 0
430 2 0.40234 0
431 2 0.39453 0
432 13 0.39844 0
433 15 0.43750 0
434 12 0.41797 0
435 85 0.43359 0
436 15 0.41797 0
437 12 0.43359 0
438 14 0.43750 0
439 52 0.44531 0
440 127 0.41016 0
441 138 0.43750 0
442 140 0.43750 0
443 140 0.40625 0
444 125 0.33984 0
445 127 0.37500 0
446 127 0.37500 0
447 127 0.36328 0
448 127 0.31250 0
449 127 0.32031 0
450 127 0.30859 0
451 150 0.40234 0
452 148 0.39844 0
453 148 0.37109 0
454 135 0.39844 0
455 131 0.36328 0
456 136 0.37891 0
457 5 0.37891 0
458 136 0.37891 0
459 136 0.37891 0
460 138 0.37500 0
461 149 0.37109 0
462 141 0.40234 0
463 150 0.37109 0
464 140 0.37109 0
465 160 0.39453 0
466 161 0.37500 0
467 161 0.39062 0
468 141 0.39844 0
469 156 0.38281 0
470 141 0.39453 0
471 157 0.37500 0
472 169 0.37500 0
473 149 0.37891 0
474 170 0.36719 0
475 149 0.38281 0
476 154 0.38672 0
477 154 0.37500 0
478 161 0.39062 0
479 159 0.39453 0
480 164 0.38672 0
481 176 0.37891 0
482 176 0.36328 0
483 179 0.35547 0
484 177 0.34375 0
485 176 0.37109 0
486 178 0.39453 0
487 165 0.40625 0
488 177 0.36328 0
489 177 0.38672 0
490 168 0.38672 0
491 177 0.39453 0
492 170 0.38672 0
493 170 0.38672 0
494 171 0.41016 0
495 187 0.41406 0
496 180 0.41406 0
497 178 0.41406 0
498 182 0.42578 0
499 180 0.41797 0
500 165 0.44141 0
501 182 0.44922 0
502 193 0.44531 0
503 195 0.41797 0
504 196 0.41797 0
505 196 0.42969 0
506 190 0.43359 0
507 199 0.40234 0
508 198 0.41016 0
509 198 0.38281 0
510 161 0.44141 0
511 160 0.43750 0
512 161 0.43750 0
513 158 0.37109 0
514 158 0.36328 0
515 158 0.34375 0
516 158 0.35156 0
517 158 0.34375 0
518 158 0.36719 0
519 161 0.35156 0
520 161 0.37500 0
521 170 0.36719 0
522 173 0.36328 0
523 170 0.36719 0
524 171 0.37500 0
525 172 0.42578 0
526 174 0.38281 0
527 174 0.35547 0
528 175 0.37500 0
529 175 0.35156 0
530 175 0.37500 0
531 177 0.34766 0
532 177 0.36328 0
533 177 0.37500 0
534 178 0.39844 0
535 175 0.39844 0
536 180 0.40234 0
537 180 0.41406 0
538 180 0.44922 0
539 182 0.42578 0
540 182 0.42578 0
541 175 0.44531 0
542 175 0.43750 0
543 175 0.41406 0
544 175 0.41016 0
545 175 0.45312 0
546 161 0.46094 0
547 184 0.40234 0
548 185 0.42578 0
549 179 0.45703 0
550 179 0.44531 0
551 178 0.43359 0
552 179 0.44141 0
553 180 0.41797 0
554 180 0.42188 0
555 183 0.43750 0
556 180 0.42969 0
557 158 0.43359 0
558 180 0.41797 0
559 158 0.39062 0
560 158 0.41797 0
561 161 0.43359 0
562 158 0.44531 0
563 160 0.38672 0
564 175 0.41016 0
565 175 0.41016 0
566 185 0.43359 0
567 158 0.42578 0
568 185 0.41406 0
569 160 0.45703 0
570 185 0.43359 0
571 186 0.42188 0
572 170 0.44141 0
573 170 0.42188 0
574 158 0.41016 0
575 171 0.42578 0
576 161 0.39844 0
577 161 0.40234 0
578 174 0.41406 0
579 185 0.41406 0
580 185 0.42188 0
581 281 0.42969 0
582 280 0.41016 0
583 173 0.43359 0
584 182 0.42969 0
585 276 0.41406 0
586 175 0.40234 0
587 174 0.42188 0
588 281 0.43359 0
589 177 0.44531 0
590 177 0.43750 0
591 178 0.43359 0
592 179 0.42188 0
593 180 0.43359 0
594 181 0.42188 0
595 284 0.42188 0
596 283 0.41016 0
597 282 0.43359 0
598 282 0.41797 0
599 280 0.38672 0
600 280 0.39062 0
601 282 0.41406 0
602 281 0.39844 0
603 282 0.39844 0
604 282 0.39453 0
605 280 0.39844 0
606 270 0.43359 0
607 270 0.39844 0
608 284 0.40234 0
609 275 0.41797 0
610 277 0.41406 0
611 273 0.42188 0
612 271 0.42188 0
613 270 0.42578 0
614 270 0.42188 0
615 182 0.44531 0
616 182 0.43750 0
617 282 0.42188 0
618 273 0.44531 0
619 279 0.44922 0
620 276 0.44531 0
621 276 0.41797 0
622 277 0.41406 0
623 276 0.43750 0
624 273 0.43750 0
625 275 0.41797 0
626 273 0.44531 0
627 276 0.45703 0
628 281 0.36328 0
629 273 0.38281 0
630 273 0.38281 0
631 281 0.39453 0
632 176 0.41797 0
633 281 0.39453 0
634 282 0.39844 0
635 279 0.39453 0
636 279 0.41797 0
637 176 0.40625 0
638 177 0.41797 0
639 177 0.42578 0
640 279 0.43359 0
641 177 0.43359 0
642 176 0.44922 0
643 276 0.44141 0
644 279 0.44531 0
645 279 0.42578 0
646 277 0.41016 0
647 277 0.40625 0
648 277 0.42188 0
649 281 0.43359 0
650 285 0.41406 0
651 279 0.41016 0
652 285 0.42188 0
653 282 0.40625 0
654 278 0.38672 0
655 277 0.41016 0
656 275 0.43359 0
657 277 0.42188 0
658 285 0.40625 0
659 277 0.38672 0
660 277 0.38672 0
661 277 0.36719 0
662 279 0.40625 0
663 287 0.41797 0
664 181 0.42969 0
665 184 0.39453 0
666 285 0.41797 0
667 284 0.42969 0
668 282 0.42969 0
669 279 0.43359 0
670 280 0.43750 0
671 368 0.41406 0
672 371 0.42188 0
673 279 0.42188 0
674 279 0.40625 0
675 270 0.41406 0
676 270 0.41016 0
677 368 0.42578 0
678 272 0.41016 0
679 276 0.42578 0
680 273 0.42578 0
681 276 0.38281 0
682 368 0.39844 0
683 278 0.44531 0
684 284 0.42578 0
685 366 0.39062 0
686 367 0.41016 0
687 367 0.39844 0
688 367 0.38672 0
689 367 0.39062 0
690 280 0.39453 0
691 370 0.39453 0
692 369 0.39453 0
693 369 0.36328 0
694 369 0.39062 0
695 369 0.37891 0
696 370 0.39453 0
697 370 0.39062 0
698 285 0.37891 0
699 285 0.40234 0
700 371 0.40625 0
701 370 0.39844 0
702 283 0.37109 0
703 285 0.37891 0
704 285 0.36719 0
705 281 0.37500 0
706 281 0.39062 0
707 282 0.35547 0
708 283 0.35156 0
709 294 0.43359 0
710 282 0.42578 0
711 287 0.41797 0
712 287 0.42188 0
713 370 0.42578 0
714 282 0.38672 0
715 291 0.39844 0
716 380 0.40625 0
717 380 0.37109 0
718 284 0.40625 0
719 280 0.37500 0
720 284 0.38672 0
721 283 0.35156 0
722 283 0.32031 0
723 283 0.35938 0
724 283 0.35156 0
725 282 0.36719 0
726 283 0.34766 0
727 279 0.36719 0
728 280 0.39062 0
729 280 0.41797 0
730 367 0.39453 0
731 279 0.39062 0
732 280 0.36328 0
733 281 0.38672 0
734 369 0.36719 0
735 388 0.34375 0
736 388 0.35938 0
737 388 0.39844 0
738 388 0.37891 0
739 274 0.37891 0
740 276 0.38672 0
741 276 0.39062 0
742 367 0.41016 0
743 368 0.39453 0
744 279 0.39062 0
745 368 0.39844 0
746 276 0.39453 0
747 274 0.39453 0
748 282 0.36719 0
749 283 0.35156 0
750 282 0.37891 0
751 282 0.37891 0
752 279 0.38281 0
753 279 0.38281 0
754 279 0.37891 0
755 285 0.40234 0
756 278 0.41797 0
757 280 0.36719 0
758 281 0.38672 0
759 281 0.38281 0
760 280 0.35156 0
761 282 0.39453 0
762 282 0.40625 0
763 279 0.39453 0
764 279 0.39844 0
765 279 0.40234 0
766 280 0.41406 0
767 280 0.40234 0
768 278 0.39844 0
769 279 0.40625 0
770 278 0.39844 0
771 278 0.37500 0
772 278 0.38281 0
773 366 0.38281 0
774 467 0.41797 0
775 368 0.43750 0
776 467 0.41016 0
777 368 0.41406 0
778 442 0.41016 0
779 279 0.41797 0
780 443 0.43359 0
781 279 0.43750 0
782 279 0.41016 0
783 473 0.39062 0
784 472 0.38672 0
785 470 0.40625 0
786 470 0.40234 0
787 468 0.41797 0
788 463 0.42969 0
789 283 0.35547 0
790 283 0.39453 0
791 282 0.39844 0
792 279 0.40625 0
793 281 0.37500 0
794 283 0.37891 0
795 283 0.40234 0
796 280 0.42578 0
797 282 0.39062 0
798 449 0.40625 0
799 283 0.34766 0
800 453 0.43359 0
801 442 0.44141 0
802 468 0.44922 0
803 464 0.45703 0
804 464 0.41406 0
805 283 0.43750 0
806 282 0.39844 0
807 444 0.43750 0
808 282 0.40625 0
809 460 0.47266 0
810 282 0.40234 0
811 506 0.37891 0
812 508 0.36328 0
813 511 0.37891 0
814 510 0.35156 0
815 511 0.34375 0
816 511 0.30859 0
817 511 0.32031 0
818 511 0.37891 0
819 510 0.37109 0
820 509 0.37109 0
821 509 0.36719 0
822 520 0.37109 0
823 519 0.35938 0
824 519 0.34375 0
825 519 0.36328 0
826 520 0.36719 0
827 520 0.36328 0
828 520 0.39062 0
829 521 0.41797 0
830 503 0.41016 0
831 530 0.34766 0
832 530 0.35938 0
833 531 0.35547 0
834 530 0.38281 0
835 530 0.37109 0
836 531 0.38281 0
837 528 0.36719 0
838 531 0.38281 0
839 512 0.37500 0
840 528 0.35547 0
841 538 0.35156 0
842 535 0.34766 0
843 538 0.35938 0
844 541 0.35938 0
845 521 0.37109 0
846 522 0.37109 0
847 522 0.34766 0
848 522 0.37500 0
849 521 0.39453 0
850 539 0.39844 0
851 547 0.30078 0
852 551 0.28906 0
853 551 0.31250 0
854 551 0.29688 0
855 544 0.30859 0
856 544 0.33984 0
857 546 0.35156 0
858 546 0.35547 0
859 539 0.33594 0
860 539 0.35156 0
861 539 0.32812 0
862 542 0.33984 0
863 560 0.33203 0
864 561 0.31250 0
865 553 0.35156 0
866 550 0.35547 0
867 559 0.33203 0
868 527 0.33594 0
869 528 0.32422 0
870 528 0.32031 0
871 529 0.33984 0
872 544 0.36328 0
873 544 0.33594 0
874 542 0.30469 0
875 542 0.29297 0
876 542 0.28125 0
877 542 0.28516 0
878 554 0.32422 0
879 537 0.36719 0
880 563 0.36328 0
881 553 0.35938 0
882 553 0.33203 0
883 553 0.34375 0
884 553 0.35547 0
885 547 0.34766 0
886 563 0.34766 0
887 544 0.31250 0
888 544 0.34375 0
889 544 0.33984 0
890 565 0.37500 0
891 583 0.35156 0
892 562 0.35156 0
893 582 0.37109 0
894 584 0.33594 0
895 584 0.30078 0
896 584 0.28906 0
897 586 0.29688 0
898 586 0.32812 0
899 586 0.34375 0
900 559 0.35156 0
901 561 0.38672 0
902 554 0.37891 0
903 563 0.35547 0
904 562 0.34766 0
905 563 0.32422 0
906 564 0.32812 0
907 564 0.33203 0
908 566 0.28516 0
909 566 0.31641 0
910 568 0.32031 0
911 570 0.30469 0
912 568 0.30859 0
913 604 0.35547 0
914 603 0.34375 0
915 526 0.38672 0
916 523 0.41016 0
917 586 0.37891 0
918 583 0.37891 0
919 578 0.33594 0
920 565 0.36719 0
921 579 0.31641 0
922 580 0.30859 0
923 580 0.32812 0
924 584 0.31641 0
925 584 0.31641 0
926 586 0.33594 0
927 562 0.31641 0
928 585 0.29297 0
929 585 0.31250 0
930 560 0.32422 0
931 591 0.31250 0
932 562 0.35156 0
933 589 0.31641 0
934 585 0.35156 0
935 629 0.33594 0
936 628 0.35156 0
937 629 0.35156 0
938 629 0.35547 0
939 562 0.32031 0
940 553 0.35156 0
941 641 0.34375 0
942 563 0.35938 0
943 586 0.33984 0
944 586 0.32812 0
945 586 0.33984 0
946 562 0.34375 0
947 590 0.31250 0
948 637 0.33984 0
949 554 0.33594 0
950 554 0.28125 0
951 551 0.30469 0
952 551 0.28516 0
953 549 0.29297 0
954 549 0.30469 0
955 548 0.29297 0
956 546 0.30078 0
957 546 0.32031 0
958 545 0.30469 0
959 546 0.27734 0
960 543 0.29688 0
961 543 0.30078 0
962 543 0.29688 0
963 539 0.32031 0
964 543 0.33984 0
965 539 0.32812 0
966 537 0.32812 0
967 536 0.33594 0
968 532 0.34375 0
969 604 0.33594 0
970 596 0.31641 0
971 531 0.33594 0
972 599 0.32812 0
973 529 0.31250 0
974 603 0.32812 0
975 553 0.33203 0
976 553 0.31641 0
977 525 0.33594 0
978 544 0.37500 0
979 544 0.38672 0
980 521 0.39453 0
981 519 0.38672 0
982 677 0.39453 0
983 521 0.38281 0
984 521 0.37109 0
985 518 0.36719 0
986 516 0.38281 0
987 516 0.39062 0
988 513 0.36328 0
989 514 0.36328 0
990 514 0.35547 0
991 513 0.31641 0
992 513 0.33984 0
993 512 0.32422 0
994 512 0.33984 0
995 512 0.35156 0
996 201 0.41406 0
997 201 0.39062 0
998 507 0.38672 0
999 408 0.39844 0
1000 506 0.41406 0
1001 411 0.42578 0
1002 428 0.39453 0
1003 417 0.40625 0
1004 426 0.35156 0
1005 428 0.39062 0
1006 426 0.39453 0
1007 426 0.40234 0
1008 431 0.40234 0
1009 429 0.40625 0
1010 187 0.41797 0
1011 187 0.41016 0
1012 430 0.38672 0
1013 430 0.38672 0
1014 429 0.39844 0
1015 431 0.37109 0
1016 431 0.40625 0
1017 429 0.36719 0
1018 429 0.38281 0
1019 426 0.38672 0
1020 431 0.39453 0
1021 431 0.40625 0
1022 489 0.40234 0
1023 489 0.37500 0
1024 431 0.37891 0
1025 431 0.35156 0
1026 488 0.37891 0
1027 304 0.36719 0
1028 304 0.37109 0
1029 304 0.34375 0
1030 304 0.36719 0
1031 306 0.37109 0
1032 491 0.37500 0
1033 301 0.36328 0
1034 392 0.37891 0
1035 392 0.38281 0
1036 388 0.38281 0
1037 390 0.41797 0
1038 189 0.39062 0
1039 189 0.39453 0
1040 189 0.36719 0
1041 189 0.37109 0
1042 190 0.36328 0
1043 306 0.37109 0
1044 191 0.39062 0
1045 306 0.40234 0
1046 379 0.40234 0
1047 309 0.42188 0
1048 309 0.40625 0
1049 189 0.40625 0
1050 189 0.39453 0
1051 189 0.39062 0
1052 307 0.37891 0
1053 307 0.38281 0
1054 268 0.35547 0
1055 309 0.35938 0
1056 268 0.35547 0
1057 309 0.37891 0
1058 488 0.37891 0
1059 488 0.38281 0
1060 496 0.37891 0
1061 493 0.39062 0
1062 496 0.35547 0
1063 496 0.37109 0
1064 495 0.36328 0
1065 490 0.37500 0
1066 498 0.39062 0
1067 490 0.38672 0
1068 487 0.36719 0
1069 488 0.35156 0
1070 488 0.33594 0
1071 488 0.34766 0
1072 488 0.33203 0
1073 447 0.37891 0
1074 447 0.36719 0
1075 444 0.37109 0
1076 493 0.37891 0
1077 448 0.32812 0
1078 493 0.36719 0
1079 493 0.40234 0
1080 496 0.37891 0
1081 380 0.40234 0
1082 497 0.39844 0
1083 447 0.35938 0
1084 447 0.37500 0
1085 505 0.40234 0
1086 506 0.37891 0
1087 450 0.38672 0
1088 447 0.41797 0
1089 451 0.38672 0
1090 451 0.35938 0
1091 451 0.40234 0
1092 451 0.39062 0
1093 454 0.40625 0
1094 465 0.38281 0
1095 452 0.40625 0
1096 370 0.38672 0
1097 766 0.37109 0
1098 764 0.40625 0
1099 766 0.39844 0
1100 764 0.40234 0
1101 516 0.42188 0
1102 517 0.41797 0
1103 517 0.42188 0
1104 731 0.42578 0
1105 786 0.40625 0
1106 781 0.41016 0
1107 781 0.36719 0
1108 781 0.37500 0
1109 669 0.38281 0
1110 781 0.40234 0
1111 689 0.34766 0
1112 586 0.33984 0
1113 586 0.33594 0
1114 586 0.35547 0
1115 586 0.35156 0
1116 774 0.37891 0
1117 521 0.37109 0
1118 633 0.35547 0
1119 523 0.33984 0
1120 524 0.30469 0
1121 524 0.34766 0
1122 526 0.34375 0
1123 671 0.37891 0
1124 563 0.36328 0
1125 529 0.37109 0
1126 567 0.32812 0
1127 567 0.33203 0
1128 653 0.36328 0
1129 762 0.36719 0
1130 687 0.37891 0
1131 664 0.32422 0
1132 664 0.32812 0
1133 664 0.34766 0
1134 664 0.35156 0
1135 563 0.31250 0
1136 563 0.31250 0
1137 671 0.34375 0
1138 668 0.32422 0
1139 669 0.35547 0
1140 634 0.29297 0
1141 632 0.32812 0
1142 633 0.35156 0
1143 635 0.32812 0
1144 553 0.30078 0
1145 554 0.32422 0
1146 625 0.30078 0
1147 627 0.28125 0
1148 627 0.30469 0
1149 554 0.28516 0
1150 623 0.30078 0
1151 622 0.30859 0
1152 552 0.32422 0
1153 563 0.29688 0
1154 562 0.30469 0
1155 839 0.27344 0
1156 839 0.28516 0
1157 839 0.30469 0
1158 840 0.31250 0
1159 840 0.31250 0
1160 841 0.33203 0
1161 840 0.32422 0
1162 840 0.31641 0
1163 840 0.32422 0
1164 840 0.30859 0
1165 842 0.32812 0
1166 840 0.35938 0
1167 849 0.34766 0
1168 849 0.36328 0
1169 850 0.35547 0
1170 655 0.33594 0
1171 585 0.34766 0
1172 652 0.33203 0
1173 652 0.32422 0
1174 652 0.31250 0
1175 652 0.32031 0
1176 853 0.35156 0
1177 645 0.34375 0
1178 645 0.35938 0
1179 629 0.34766 0
1180 588 0.35156 0
1181 625 0.34375 0
1182 861 0.35156 0
1183 854 0.36328 0
1184 862 0.34766 0
1185 629 0.32812 0
1186 634 0.25391 0
1187 634 0.30469 0
1188 607 0.29688 0
1189 629 0.34375 0
1190 634 0.30859 0
1191 625 0.34766 0
1192 629 0.33984 0
1193 602 0.33984 0
1194 611 0.31250 0
1195 613 0.35547 0
1196 882 0.32812 0
1197 626 0.34766 0
1198 878 0.35156 0
1199 878 0.31641 0
1200 878 0.33594 0
1201 876 0.32812 0
1202 876 0.35156 0
1203 626 0.35938 0
1204 605 0.34375 0
1205 622 0.37500 0
1206 613 0.35938 0
1207 613 0.31250 0
1208 613 0.33594 0
1209 546 0.35156 0
1210 562 0.36328 0
1211 546 0.32812 0
1212 865 0.35156 0
1213 880 0.33984 0
1214 864 0.32422 0
1215 864 0.35938 0
1216 607 0.35938 0
1217 625 0.34375 0
1218 603 0.34766 0
1219 860 0.34766 0
1220 620 0.34375 0
1221 902 0.33594 0
1222 902 0.33203 0
1223 629 0.37109 0
1224 855 0.36328 0
1225 855 0.35547 0
1226 896 0.32031 0
1227 903 0.34766 0
1228 647 0.35547 0
1229 644 0.33594 0
1230 848 0.33594 0
1231 629 0.30859 0
1232 894 0.35156 0
1233 894 0.33203 0
1234 894 0.32812 0
1235 894 0.31250 0
1236 891 0.30078 0
1237 893 0.33203 0
1238 891 0.32031 0
1239 891 0.32031 0
1240 891 0.32422 0
1241 852 0.35547 0
1242 659 0.33594 0
1243 847 0.36719 0
1244 545 0.32812 0
1245 843 0.35938 0
1246 547 0.32031 0
1247 546 0.32422 0
1248 548 0.36719 0
1249 842 0.38281 0
1250 840 0.34375 0
1251 840 0.34766 0
1252 840 0.34375 0
1253 893 0.35938 0
1254 840 0.32031 0
1255 853 0.32031 0
1256 659 0.27344 0
1257 659 0.26172 0
1258 840 0.27734 0
1259 659 0.28516 0
1260 840 0.33594 0
1261 840 0.31250 0
1262 837 0.30078 0
1263 838 0.30469 0
1264 836 0.31641 0
1265 833 0.30859 0
1266 833 0.30078 0
1267 834 0.30859 0
1268 833 0.31250 0
1269 831 0.30078 0
1270 831 0.30469 0
1271 829 0.28906 0
1272 831 0.30078 0
1273 831 0.31250 0
1274 828 0.29688 0
1275 829 0.31250 0
1276 828 0.27734 0
1277 826 0.30469 0
1278 826 0.30469 0
1279 826 0.28516 0
1280 826 0.31641 0
1281 822 0.28125 0
1282 822 0.31250 0
1283 822 0.33594 0
1284 820 0.29297 0
1285 820 0.30859 0
1286 818 0.32422 0
1287 818 0.32031 0
1288 817 0.31250 0
1289 818 0.33984 0
1290 816 0.31641 0
1291 815 0.30469 0
1292 816 0.30469 0
1293 818 0.34375 0
1294 813 0.32422 0
1295 815 0.31250 0
1296 813 0.28906 0
1297 813 0.30469 0
1298 813 0.28125 0
1299 813 0.30078 0
1300 810 0.30078 0
1301 810 0.30859 0
1302 810 0.28516 0
1303 810 0.29297 0
1304 808 0.32812 0
1305 788 0.29688 0
1306 808 0.31250 0
1307 788 0.30078 0
1308 807 0.31250 0
1309 807 0.32812 0
1310 808 0.29688 0
1311 787 0.31641 0
1312 803 0.30469 0
1313 802 0.34766 0
1314 803 0.32812 0
1315 719 0.31641 0
1316 800 0.35547 0
1317 799 0.33203 0
1318 799 0.36719 0
1319 798 0.32422 0
1320 798 0.35938 0
1321 799 0.29297 0
1322 798 0.29688 0
1323 799 0.32422 0
1324 799 0.32422 0
1325 799 0.32031 0
1326 797 0.31641 0
1327 727 0.31641 0
1328 794 0.30078 0
1329 794 0.30078 0
1330 725 0.30859 0
1331 727 0.30078 0
1332 727 0.32422 0
1333 700 0.33594 0
1334 702 0.33984 0
1335 729 0.34375 0
1336 782 0.32812 0
1337 731 0.35156 0
1338 781 0.35938 0
1339 734 0.35938 0
1340 692 0.36328 0
1341 737 0.37500 0
1342 774 0.35938 0
1343 773 0.34766 0
1344 773 0.38281 0
1345 687 0.37891 0
1346 518 0.37500 0
1347 739 0.35938 0
1348 521 0.37500 0
1349 742 0.35547 0
1350 745 0.37891 0
1351 743 0.35938 0
1352 748 0.35938 0
1353 746 0.33984 0
1354 749 0.35156 0
1355 750 0.39453 0
1356 763 0.34766 0
1357 760 0.35547 0
1358 760 0.34766 0
1359 759 0.35938 0
1360 760 0.35938 0
1361 574 0.34766 0
1362 750 0.36719 0
1363 750 0.35547 0
1364 754 0.39844 0
1365 754 0.35938 0
1366 584 0.37891 0
1367 665 0.35938 0
1368 667 0.35938 0
1369 584 0.35156 0
1370 665 0.35547 0
1371 544 0.33594 0
1372 544 0.33203 0
1373 544 0.30469 0
1374 547 0.34375 0
1375 947 0.38672 0
1376 948 0.33594 0
1377 550 0.26562 0
1378 551 0.32031 0
1379 551 0.32031 0
1380 551 0.30469 0
1381 898 0.34375 0
1382 898 0.32031 0
1383 940 0.35156 0
1384 940 0.33203 0
1385 936 0.32812 0
1386 900 0.31641 0
1387 937 0.36328 0
1388 900 0.32422 0
1389 562 0.34375 0
1390 904 0.32812 0
1391 824 0.36719 0
1392 903 0.30469 0
1393 903 0.34766 0
1394 903 0.34766 0
1395 903 0.36328 0
1396 814 0.34766 0
1397 903 0.36328 0
1398 782 0.39844 0
1399 730 0.35547 0
1400 729 0.30469 0
1401 786 0.32812 0
1402 790 0.31250 0
1403 790 0.30469 0
1404 789 0.32031 0
1405 790 0.34766 0
1406 792 0.34766 0
1407 790 0.33984 0
1408 790 0.34766 0
1409 790 0.35156 0
1410 797 0.34766 0
1411 716 0.36719 0
1412 797 0.36328 0
1413 719 0.37109 0
1414 803 0.33594 0
1415 801 0.28906 1
1416 801 0.30469 1
1417 796 0.27734 1
1418 796 0.25000 1
1419 797 0.23438 1
1420 796 0.20703 1
1421 796 0.18359 1
1422 796 0.19531 1
1423 794 0.15625 1
1424 792 0.12500 1
1425 790 0.11328 1
1426 790 0.10547 1
1427 790 0.07422 1
1428 788 0.10547 1
1429 787 0.10938 1
1430 785 0.11328 1
1431 783 0.09766 1
1432 782 0.09766 1
1433 782 0.10938 1
1434 780 0.11719 1
1435 780 0.11719 1
1436 777 0.13672 1
1437 776 0.19531 1
1438 776 0.20703 1
1439 774 0.18750 1
1440 773 0.17188 1
1441 770 0.18750 1
1442 769 0.18750 1
1443 769 0.16797 1
1444 767 0.19531 1
1445 767 0.16406 1
1446 765 0.17578 1
1447 765 0.19141 1
1448 764 0.20312 1
1449 761 0.21094 1
1450 762 0.21875 1
1451 760 0.22656 1
1452 759 0.25781 1
1453 758 0.21875 1
1454 758 0.23438 1
1455 756 0.28906 1
1456 755 0.30078 1
1457 755 0.29688 1
1458 752 0.26172 1
1459 752 0.29297 1
1460 752 0.26562 1
1461 751 0.24219 1
1462 748 0.26562 1
1463 749 0.22656 1
1464 747 0.21484 1
1465 747 0.23047 1
1466 745 0.24609 1
1467 744 0.26953 1
1468 744 0.24219 1
1469 742 0.24609 1
1470 742 0.26172 1
1471 742 0.25781 1
1472 739 0.24609 1
1473 739 0.24609 1
1474 739 0.26172 1
1475 737 0.23828 1
1476 736 0.21484 1
1477 734 0.21875 1
1478 733 0.16016 1
1479 733 0.14453 1
1480 733 0.15625 1
1481 733 0.15625 1
1482 733 0.18359 1
1483 731 0.16016 1
1484 731 0.17969 1
1485 728 0.16797 1
1486 728 0.16406 1
1487 728 0.13672 1
1488 727 0.12500 1
1489 727 0.12109 1
1490 726 0.10938 1
1491 726 0.10156 1
1492 724 0.11328 1
1493 724 0.11328 1
1494 724 0.10156 1
1495 722 0.09375 1
1496 722 0.08203 1
1497 722 0.08594 1
1498 722 0.12109 1
1499 721 0.11719 1
1500 719 0.14844 1
1501 721 0.18359 1
1502 715 0.17969 1
1503 717 0.18359 1
1504 717 0.22266 1
1505 716 0.25391 1
1506 717 0.29297 1
1507 717 0.32031 0
1508 715 0.36719 0
1509 713 0.37109 0
1510 797 0.35938 0
1511 796 0.35547 0
1512 796 0.31250 0
1513 797 0.33203 0
1514 793 0.35156 0
1515 794 0.35156 0
1516 793 0.33594 0
1517 793 0.31641 0
1518 794 0.33984 0
1519 727 0.33594 0
1520 727 0.32812 0
1521 728 0.33203 0
1522 781 0.31250 0
1523 728 0.31641 0
1524 787 0.33594 0
1525 780 0.30078 0
1526 780 0.32031 0
1527 780 0.31250 0
1528 778 0.34766 0
1529 778 0.35547 0
1530 778 0.37500 0
1531 818 0.35547 0
1532 739 0.36719 0
1533 739 0.33984 0
1534 739 0.36328 0
1535 739 0.32812 0
1536 524 0.33594 0
1537 673 0.33594 0
1538 526 0.31641 0
1539 528 0.29688 0
1540 645 0.30859 0
1541 644 0.29297 0
1542 748 0.35156 0
1543 749 0.33984 0
1544 911 0.38672 0
1545 911 0.37891 0
1546 1165 0.25391 0
1547 1163 0.30859 0
1548 657 0.36719 0
1549 1168 0.28906 0
1550 1166 0.32422 0
1551 1168 0.28516 0
1552 1168 0.31250 0
1553 752 0.33984 0
1554 1127 0.36328 0
1555 1127 0.32422 0
1556 1127 0.33203 0
1557 808 0.38281 0
1558 571 0.36719 0
1559 1127 0.33984 0
1560 1127 0.37891 0
1561 1127 0.37500 0
1562 729 0.38281 0
1563 728 0.34766 0
1564 728 0.36328 0
1565 1127 0.36328 0
1566 729 0.33203 0
1567 747 0.33203 0
1568 747 0.35156 0
1569 1123 0.35547 0
1570 1118 0.33594 0
1571 1114 0.37500 0
1572 1114 0.38281 0
1573 1115 0.39062 0
1574 1124 0.38672 0
1575 774 0.37891 0
1576 1124 0.38281 0
1577 774 0.40234 0
1578 774 0.39062 0
1579 1115 0.38672 0
1580 1122 0.37891 0
1581 1122 0.41406 0
1582 1115 0.40625 0
1583 1116 0.39062 0
1584 1115 0.38281 0
1585 979 0.42578 0
1586 983 0.43359 0
1587 992 0.40625 0
1588 1095 0.41406 0
1589 1096 0.41406 0
1590 1096 0.42969 0
1591 993 0.38281 0
1592 995 0.39844 0
1593 989 0.37891 0
1594 990 0.34766 0
1595 999 0.40234 0
1596 423 0.37500 0
1597 425 0.36328 0
1598 420 0.37891 0
1599 421 0.37109 0
1600 425 0.37891 0
1601 421 0.38672 0
1602 422 0.36719 0
1603 421 0.37500 0
1604 162 0.40234 0
1605 417 0.39844 0
1606 159 0.43750 0
1607 162 0.39062 0
1608 162 0.37891 0
1609 416 0.41406 0
1610 418 0.41016 0
1611 162 0.35156 0
1612 420 0.38672 0
1613 162 0.37109 0
1614 417 0.36328 0
1615 142 0.37500 0
1616 234 0.39844 0
1617 254 0.40625 0
1618 254 0.38281 0
1619 251 0.38281 1
1620 252 0.33203 1
1621 253 0.31250 0
1622 252 0.29297 1
1623 252 0.26172 1
1624 250 0.22266 1
1625 251 0.21875 1
1626 250 0.18750 1
1627 250 0.17188 1
1628 250 0.17188 1
1629 250 0.17578 1
1630 249 0.17969 1
1631 248 0.14062 1
1632 246 0.12109 1
1633 246 0.10938 1
1634 245 0.13281 1
1635 243 0.09766 1
1636 243 0.10156 1
1637 243 0.11719 1
1638 243 0.14062 1
1639 242 0.17188 1
1640 241 0.18359 1
1641 240 0.17188 1
1642 240 0.14453 1
1643 239 0.12891 1
1644 238 0.13672 1
1645 236 0.10938 1
1646 237 0.12109 1
1647 237 0.11328 1
1648 237 0.11328 1
1649 236 0.12500 1
1650 234 0.15625 1
1651 234 0.16016 1
1652 233 0.15625 1
1653 233 0.14453 1
1654 232 0.15234 1
1655 232 0.11719 1
1656 231 0.13672 1
1657 230 0.13672 1
1658 230 0.14844 1
1659 229 0.13281 1
1660 228 0.13672 1
1661 228 0.12500 1
1662 227 0.12109 1
1663 226 0.11328 1
1664 226 0.12109 1
1665 225 0.09375 1
1666 225 0.08594 1
1667 224 0.10938 1
1668 224 0.13281 1
1669 223 0.12500 1
1670 222 0.12500 1
1671 222 0.12109 1
1672 220 0.11328 1
1673 220 0.09766 1
1674 219 0.08203 1
1675 218 0.12500 1
1676 218 0.10938 1
1677 217 0.11328 1
1678 216 0.15625 1
1679 215 0.15625 1
1680 215 0.14844 1
1681 214 0.16016 1
1682 213 0.14062 1
1683 211 0.16406 1
1684 210 0.12500 1
1685 210 0.14062 1
1686 209 0.17578 1
1687 208 0.16406 1
1688 208 0.15234 1
1689 208 0.16016 0
1690 206 0.18359 1
1691 206 0.21094 0
1692 204 0.22656 1
1693 203 0.21484 1
1694 203 0.20703 1
1695 202 0.20312 1
1696 201 0.22266 1
1697 200 0.18359 1
1698 200 0.23438 0
1699 199 0.19531 1
1700 198 0.17188 1
1701 196 0.16797 1
1702 196 0.19531 1
1703 195 0.19531 1
1704 194 0.15625 1
1705 193 0.14453 1
1706 192 0.11719 1
1707 191 0.12109 1
1708 191 0.12891 1
1709 189 0.14062 1
1710 189 0.15234 1
1711 188 0.15234 1
1712 187 0.14062 1
1713 186 0.12891 1
1714 185 0.16406 1
1715 184 0.12891 1
1716 182 0.15625 1
1717 181 0.15234 1
1718 181 0.11328 1
1719 180 0.12891 1
1720 179 0.11719 1
1721 178 0.10547 1
1722 177 0.12109 1
1723 177 0.14453 0
1724 175 0.14453 1
1725 174 0.13672 1
1726 173 0.12500 1
1727 172 0.12500 1
1728 171 0.13672 1
1729 170 0.14453 1
1730 168 0.12500 1
1731 168 0.14453 1
1732 167 0.14062 1
1733 165 0.10938 1
1734 164 0.16406 1
1735 163 0.13672 1
1736 162 0.14844 1
1737 161 0.11719 1
1738 160 0.14062 1
1739 159 0.12500 1
1740 158 0.10547 1
1741 157 0.11719 1
1742 156 0.09766 1
1743 154 0.12500 1
1744 154 0.13672 1
1745 152 0.12891 1
1746 151 0.10547 1
1747 150 0.12891 1
1748 149 0.14062 1
1749 148 0.15625 1
1750 146 0.11328 1
1751 146 0.10547 1
1752 144 0.12500 1
1753 144 0.13281 1
1754 143 0.11328 1
1755 142 0.12109 1
1756 141 0.15625 1
1757 139 0.11719 1
1758 138 0.13281 1
1759 138 0.10547 1
1760 136 0.11328 1
1761 136 0.14062 1
1762 134 0.14062 1
1763 133 0.13672 1
1764 132 0.14453 1
1765 130 0.16406 1
1766 130 0.16406 1
1767 128 0.13672 1
1768 128 0.13281 1
1769 126 0.10938 1
1770 126 0.14844 1
1771 125 0.14844 1
1772 123 0.14453 1
1773 122 0.12500 1
1774 121 0.15234 1
1775 120 0.17969 1
1776 121 0.17969 0
1777 118 0.19141 1
1778 116 0.18750 1
1779 116 0.19922 1
1780 115 0.19922 1
1781 115 0.19141 1
1782 112 0.18750 1
1783 112 0.17188 1
1784 112 0.21484 1
1785 110 0.20312 1
1786 110 0.20703 1
1787 110 0.25000 0
1788 107 0.21875 1
1789 106 0.21875 1
1790 106 0.21484 1
1791 105 0.23047 1
1792 104 0.26562 1
1793 104 0.25000 0
1794 102 0.25781 1
1795 101 0.25000 1
1796 100 0.25000 1
1797 99 0.20312 1
1798 99 0.22266 1
1799 98 0.22266 1
1800 96 0.18750 1
1801 96 0.17969 1
1802 95 0.19141 1
1803 95 0.18750 1
1804 94 0.21094 1
1805 94 0.23438 0
1806 92 0.26953 1
1807 92 0.27344 1
1808 92 0.28125 0
1809 91 0.29688 1
1810 88 0.26562 1
1811 88 0.27734 1
1812 87 0.31641 1
1813 88 0.26953 1
1814 87 0.25781 1
1815 87 0.28125 1
1816 83 0.27344 1
1817 84 0.26172 1
1818 84 0.26953 1
1819 83 0.26172 1
1820 82 0.26562 1
1821 82 0.23047 1
1822 83 0.28125 1
1823 82 0.27734 1
1824 82 0.28125 1
1825 82 0.29297 1
1826 79 0.28906 1
1827 79 0.28516 1
1828 79 0.27344 1
1829 79 0.24609 1
1830 81 0.27734 1
1831 76 0.23438 1
1832 77 0.22656 1
1833 77 0.20703 1
1834 76 0.19531 1
1835 76 0.19141 1
1836 75 0.17578 1
1837 75 0.19922 1
1838 73 0.18750 1
1839 76 0.18750 1
1840 75 0.19922 1
1841 73 0.14844 1
1842 73 0.12891 1
1843 73 0.15625 1
1844 73 0.17578 1
1845 72 0.20703 1
1846 70 0.19531 1
1847 75 0.23047 0
1848 72 0.26172 1
1849 72 0.29688 0
1850 79 0.42578 0
1851 224 0.42969 0
1852 207 0.42969 0
1853 204 0.44922 0
1854 335 0.41797 0
1855 334 0.38672 0
1856 265 0.37500 0
1857 334 0.39062 0
1858 210 0.40234 0
1859 335 0.39844 0
1860 337 0.41797 0
1861 337 0.40625 0
1862 204 0.41406 0
1863 202 0.39062 0
1864 202 0.39062 0
1865 204 0.39453 0
1866 204 0.39062 0
1867 204 0.36328 0
1868 205 0.39453 0
1869 1009 0.39453 0
1870 496 0.40234 0
1871 496 0.41406 0
1872 497 0.39453 0
1873 1096 0.40625 0
1874 441 0.37500 0
1875 494 0.40625 0
1876 367 0.41016 0
1877 1520 0.40234 0
1878 366 0.37891 0
1879 366 0.37109 0
1880 366 0.36328 0
1881 367 0.34766 0
1882 367 0.35938 0
1883 367 0.37500 0
1884 1085 0.41797 0
1885 463 0.39453 0
1886 463 0.39062 0
1887 463 0.39062 0
1888 463 0.38281 0
1889 463 0.39844 0
1890 1100 0.39844 0
1891 1100 0.41016 0
1892 1093 0.41016 0
1893 1094 0.39844 0
1894 511 0.40234 0
1895 513 0.41797 0
1896 1091 0.39844 0
1897 1091 0.43359 0
1898 514 0.41016 0
1899 513 0.39453 0
1900 511 0.41797 0
1901 990 0.41016 0
1902 990 0.40234 0
1903 497 0.41406 0
1904 1085 0.42188 0
1905 1086 0.40625 0
1906 1088 0.41016 0
1907 505 0.42188 0
1908 463 0.40234 0
1909 1088 0.39844 0
1910 504 0.41406 0
1911 1088 0.37891 0
1912 1088 0.38281 0
1913 1088 0.36328 0
1914 1090 0.41797 0
1915 1083 0.39062 0
1916 1088 0.41797 0
1917 505 0.40234 0
1918 1090 0.39062 0
1919 1089 0.39453 0
1920 1085 0.39453 0
1921 186 0.41016 0
1922 1093 0.39062 0
1923 368 0.37500 0
1924 1087 0.39453 0
1925 494 0.37500 0
1926 494 0.36328 0
1927 494 0.36719 0
1928 494 0.38672 0
1929 494 0.38672 0
1930 494 0.36328 0
1931 493 0.38672 0
1932 496 0.37500 0
1933 496 0.40625 0
1934 997 0.38672 0
1935 997 0.36719 0
1936 997 0.38281 0
1937 997 0.35547 0
1938 1093 0.37109 0
1939 997 0.36719 0
1940 997 0.37500 0
1941 997 0.36328 0
1942 995 0.37109 0
1943 997 0.37891 0
1944 997 0.36719 0
1945 994 0.37109 0
1946 994 0.34375 0
1947 993 0.36719 0
1948 996 0.34766 0
1949 996 0.34766 0
1950 995 0.37109 0
1951 500 0.35156 0
1952 501 0.36328 0
1953 997 0.36328 0
1954 996 0.34766 0
1955 992 0.35156 0
1956 501 0.34375 0
1957 501 0.33594 0
1958 997 0.35938 0
1959 993 0.35156 0
1960 503 0.35938 0
1961 992 0.37891 0
1962 994 0.38281 0
1963 994 0.35547 0
1964 990 0.35938 0
1965 994 0.37891 0
1966 991 0.37109 0
1967 991 0.37109 0
1968 989 0.35547 0
1969 994 0.37109 0
1970 990 0.36328 0
1971 990 0.35156 0
1972 990 0.35547 0
1973 990 0.38281 0
1974 986 0.39062 0
1975 991 0.36328 0
1976 984 0.37109 0
1977 984 0.37109 0
1978 986 0.39453 0
1979 984 0.37500 0
1980 986 0.38672 0
1981 982 0.39062 0
1982 984 0.37500 0
1983 982 0.37500 0
1984 677 0.39062 0
1985 983 0.36328 0
1986 982 0.35547 0
1987 982 0.36719 0
1988 979 0.36328 0
1989 677 0.36719 0
1990 686 0.34766 0
1991 686 0.36719 0
1992 674 0.35547 0
1993 674 0.36328 0
1994 674 0.34766 0
1995 674 0.35938 0
1996 674 0.35156 0
1997 977 0.33984 0
1998 674 0.38672 0
1999 675 0.33984 0
2000 675 0.33594 0
2001 974 0.34766 0
2002 974 0.36328 0
2003 974 0.33203 0
2004 970 0.31641 0
2005 974 0.33984 0
2006 970 0.32031 0
2007 969 0.34375 0
2008 969 0.32031 0
2009 969 0.32812 0
2010 611 0.32031 0
2011 614 0.33984 0
2012 1251 0.33594 0
2013 1250 0.35547 0
2014 1249 0.33984 0
2015 1252 0.32031 0
2016 1252 0.32031 0
2017 1240 0.32031 0
2018 1252 0.32031 0
2019 546 0.34375 0
2020 1243 0.35156 0
2021 614 0.32812 0
2022 616 0.32031 0
2023 613 0.34375 0
2024 614 0.32812 0
2025 614 0.34766 0
2026 1368 0.35938 0
2027 1370 0.36719 0
2028 1369 0.31641 0
2029 659 0.35156 0
2030 626 0.35547 0
2031 1183 0.32031 0
2032 1387 0.29688 0
2033 902 0.34766 0
2034 1391 0.33984 0
2035 902 0.31250 0
2036 1390 0.28516 0
2037 1391 0.31250 0
2038 1394 0.32031 0
2039 1392 0.32812 0
2040 1391 0.33594 0
2041 1393 0.33203 0
2042 1393 0.33203 0
2043 1127 0.34375 0
2044 655 0.37891 0
2045 1402 0.35547 0
2046 1127 0.34375 0
2047 1127 0.36328 0
2048 1127 0.36719 0
2049 658 0.35156 0
2050 1169 0.37109 0
2051 1178 0.34766 0
2052 909 0.37891 0
2053 585 0.35938 0
2054 585 0.37500 0
2055 663 0.39453 0
2056 911 0.37500 0
2057 909 0.37891 0
2058 909 0.37500 0
2059 909 0.35938 0
2060 909 0.33984 0
2061 909 0.37891 0
2062 909 0.37500 0
2063 910 0.37891 0
2064 910 0.36719 0
2065 911 0.34375 0
2066 910 0.37500 0
2067 910 0.38672 0
2068 1145 0.37109 0
2069 1144 0.34375 0
2070 1145 0.34375 0
2071 1146 0.38281 0
2072 1146 0.38281 0
2073 520 0.39844 0
2074 1146 0.41016 0
2075 1146 0.39453 0
2076 1146 0.37500 0
2077 585 0.37891 0
2078 652 0.37891 0
2079 585 0.38672 0
2080 914 0.39844 0
2081 913 0.38281 0
2082 913 0.37109 0
2083 913 0.37109 0
2084 1163 0.41016 0
2085 1163 0.40234 0
2086 1163 0.39844 0
2087 1167 0.40625 0
2088 910 0.38281 0
2089 1130 0.37109 0
2090 1127 0.38281 0
2091 571 0.41016 0
2092 1366 0.38672 0
2093 1366 0.39453 0
2094 659 0.38281 0
2095 1366 0.39453 0
2096 660 0.35938 0
2097 660 0.37500 0
2098 660 0.37891 0
2099 660 0.39453 0
2100 660 0.39844 0
2101 580 0.39844 0
2102 1546 0.38281 0
2103 1547 0.37109 0
2104 1546 0.35156 0
2105 1546 0.36328 0
2106 664 0.39453 0
2107 1545 0.37109 0
2108 586 0.39453 0
2109 853 0.41797 0
2110 852 0.44141 0
2111 585 0.41406 0
2112 586 0.34766 0
2113 837 0.37891 0
2114 837 0.36719 0
2115 838 0.39844 0
2116 1261 0.42188 0
2117 586 0.40234 0
2118 1262 0.34766 0
2119 1148 0.37500 0
2120 587 0.38672 0
2121 587 0.39453 0
2122 587 0.36719 0
2123 590 0.39453 0
2124 592 0.40234 0
2125 596 0.40234 0
2126 907 0.37109 0
2127 907 0.39453 0
2128 907 0.35547 0
2129 908 0.37500 0
2130 907 0.35547 0
2131 907 0.35156 0
2132 907 0.38672 0
2133 907 0.33984 0
2134 1186 0.37891 0
2135 907 0.35156 0
2136 1186 0.36719 0
2137 907 0.38672 0
2138 567 0.36328 0
2139 565 0.38672 0
2140 567 0.35938 0
2141 585 0.38281 0
2142 567 0.34766 0
2143 911 0.39062 0
2144 524 0.40625 0
2145 583 0.40625 0
2146 652 0.41406 0
2147 659 0.41797 0
2148 584 0.37500 0
2149 583 0.39453 0
2150 523 0.37500 0
2151 583 0.37891 0
2152 583 0.37500 0
2153 583 0.38672 0
2154 583 0.37109 0
2155 584 0.36328 0
2156 584 0.37891 0
2157 523 0.38281 0
2158 582 0.35156 0
2159 582 0.37109 0
2160 582 0.36328 0
2161 654 0.41016 0
2162 584 0.37500 0
2163 922 0.36719 0
2164 579 0.40234 0
2165 657 0.41016 0
2166 659 0.40625 0
2167 658 0.38281 0
2168 580 0.37500 0
2169 579 0.37500 0
2170 580 0.37891 0
2171 914 0.33984 0
2172 581 0.34375 0
2173 581 0.34766 0
2174 585 0.33984 0
2175 585 0.30469 0
2176 585 0.29297 0
2177 585 0.35156 0
2178 664 0.32422 0
2179 923 0.34766 0
2180 529 0.37109 0
2181 658 0.36719 0
2182 1545 0.35938 0
2183 1545 0.37500 0
2184 586 0.37109 0
2185 664 0.33203 0
2186 585 0.33594 0
2187 910 0.34375 0
2188 665 0.32031 0
2189 665 0.35547 0
2190 1156 0.34375 0
2191 907 0.37891 0
2192 833 0.34375 0
2193 930 0.35938 0
2194 1157 0.38281 0
2195 587 0.34766 0
2196 587 0.34375 0
2197 586 0.35938 0
2198 586 0.37891 0
2199 551 0.39453 0
2200 1177 0.37891 0
2201 566 0.39062 0
2202 658 0.37891 0
2203 654 0.33984 0
2204 524 0.35156 0
2205 658 0.41406 0
2206 523 0.38672 0
2207 1215 0.35156 0
2208 1215 0.37109 0
2209 1219 0.41406 0
2210 657 0.39453 0
2211 1243 0.37109 0
2212 1243 0.37500 0
2213 659 0.36719 0
2214 659 0.35938 0
2215 1187 0.37500 0
2216 840 0.37500 0
2217 840 0.31641 0
2218 840 0.35156 0
2219 840 0.33594 0
2220 1158 0.37109 0
2221 836 0.31641 0
2222 835 0.35938 0
2223 835 0.34766 0
2224 835 0.36328 0
2225 865 0.34375 0
2226 831 0.36719 0
2227 830 0.38672 0
2228 830 0.38281 0
2229 867 0.39062 0
2230 867 0.39453 0
2231 869 0.39844 0
2232 830 0.39062 0
2233 830 0.42188 0
2234 942 0.42188 0
2235 1145 0.38281 0
2236 1145 0.36719 0
2237 669 0.37109 0
2238 1145 0.36328 0
2239 831 0.40234 0
2240 1123 0.40234 0
2241 838 0.39844 0
2242 1123 0.41797 0
2243 838 0.40625 0
2244 869 0.42969 0
2245 869 0.42188 0
2246 1159 0.42578 0
2247 869 0.39453 0
2248 1266 0.34766 0
2249 1266 0.35938 0
2250 833 0.39062 0
2251 835 0.39062 0
2252 834 0.34375 0
2253 834 0.37109 0
2254 928 0.37891 0
2255 834 0.35156 0
2256 834 0.37109 0
2257 834 0.35938 0
2258 834 0.35156 0
2259 834 0.33594 0
2260 834 0.38281 0
2261 1181 0.37109 0
2262 1161 0.38672 0
2263 1265 0.37500 0
2264 905 0.40625 0
2265 664 0.35547 0
2266 588 0.38281 0
2267 665 0.39062 0
2268 663 0.41406 0
2269 663 0.39844 0
2270 663 0.39453 0
2271 665 0.39062 0
2272 664 0.37891 0
2273 952 0.40625 0
2274 585 0.38672 0
2275 664 0.39453 0
2276 665 0.41016 0
2277 662 0.37891 0
2278 662 0.37891 0
2279 523 0.34766 0
2280 684 0.38281 0
2281 683 0.36328 0
2282 683 0.36719 0
2283 686 0.37891 0
2284 686 0.42188 0
2285 686 0.40625 0
2286 655 0.38672 0
2287 654 0.41016 0
2288 686 0.41016 0
2289 655 0.39062 0
2290 684 0.38281 0
2291 1135 0.38281 0
2292 1134 0.37891 0
2293 1133 0.38281 0
2294 1139 0.37891 0
2295 1163 0.37891 0
2296 1164 0.40234 0
2297 585 0.41406 0
2298 1161 0.38672 0
2299 1159 0.37891 0
2300 1262 0.34766 0
2301 1264 0.34766 0
2302 1262 0.33203 0
2303 833 0.35156 0
2304 834 0.33594 0
2305 833 0.36328 0
2306 833 0.34375 0
2307 833 0.33203 0
2308 833 0.32422 0
2309 1154 0.37500 0
2310 860 0.36328 0
2311 869 0.35156 0
2312 869 0.33203 0
2313 835 0.35547 0
2314 838 0.38281 0
2315 1157 0.36328 0
2316 837 0.35156 0
2317 838 0.35156 0
2318 869 0.35938 0
2319 866 0.39844 0
2320 834 0.37500 0
2321 833 0.33594 0
2322 833 0.32031 0
2323 1204 0.32812 0
2324 833 0.33594 0
2325 859 0.37109 0
2326 840 0.34766 0
2327 888 0.32812 0
2328 1261 0.32812 0
2329 838 0.35156 0
2330 869 0.36719 0
2331 954 0.36328 0
2332 1186 0.34375 0
2333 1153 0.37891 0
2334 1185 0.34375 0
2335 1185 0.34375 0
2336 1156 0.39844 0
2337 1156 0.39062 0
2338 1185 0.41797 0
2339 585 0.38281 0
2340 1189 0.39453 0
2341 1145 0.38672 0
2342 908 0.36719 0
2343 910 0.36328 0
2344 907 0.37500 0
2345 1145 0.38281 0
2346 1146 0.38281 0
2347 594 0.36328 0
2348 1179 0.33594 0
2349 1150 0.35547 0
2350 1151 0.33594 0
2351 1151 0.32812 0
2352 929 0.32422 0
2353 929 0.33984 0
2354 929 0.32812 0
2355 929 0.35156 0
2356 837 0.35156 0
2357 1158 0.37500 0
2358 1159 0.33594 0
2359 1159 0.36328 0
2360 596 0.34766 0
2361 1132 0.37500 0
2362 1397 0.34375 0
2363 2061 0.36719 0
2364 1159 0.37500 0
2365 2061 0.36719 0
2366 815 0.36328 0
2367 2061 0.38672 0
2368 2061 0.37109 0
2369 815 0.36719 0
2370 815 0.39453 0
2371 1108 0.37891 0
2372 688 0.37891 0
2373 1107 0.36719 0
2374 690 0.39453 0
2375 1106 0.40625 0
2376 691 0.42969 0
2377 811 0.42188 0
2378 811 0.39062 0
2379 696 0.39844 0
2380 701 0.34375 0
2381 1449 0.42578 0
2382 693 0.40234 0
2383 692 0.36328 0
2384 692 0.37891 0
2385 692 0.40234 0
2386 1446 0.39453 0
2387 2049 0.35938 0
2388 2049 0.35547 0
2389 1168 0.39062 0
2390 686 0.37891 0
2391 1168 0.36328 0
2392 1173 0.36328 0
2393 2081 0.37500 0
2394 1174 0.36719 0
2395 1173 0.39062 0
2396 911 0.36719 0
2397 585 0.35156 0
2398 585 0.35938 0
2399 585 0.35547 0
2400 911 0.36719 0
2401 587 0.36719 0
2402 589 0.32812 0
2403 836 0.35156 0
2404 835 0.36328 0
2405 592 0.37500 0
2406 838 0.39453 0
2407 838 0.38281 0
2408 1186 0.33984 0
2409 595 0.37109 0
2410 1186 0.31250 0
2411 1186 0.35156 0
2412 1186 0.34766 0
2413 904 0.37500 0
2414 1179 0.35938 0
2415 1187 0.40234 0
2416 1177 0.38672 0
2417 895 0.43359 0
2418 895 0.41406 0
2419 1234 0.31641 0
2420 1234 0.34375 0
2421 896 0.36328 0
2422 892 0.39062 0
2423 1156 0.36719 0
2424 1240 0.35547 0
2425 1240 0.34766 0
2426 1242 0.37109 0
2427 1248 0.35156 0
2428 1248 0.35547 0
2429 1250 0.36328 0
2430 599 0.37891 0
2431 599 0.37109 0
2432 599 0.40234 0
2433 1370 0.40625 0
2434 2026 0.38281 0
2435 662 0.39062 0
2436 666 0.40625 0
2437 662 0.40234 0
2438 622 0.39844 0
2439 623 0.37109 0
2440 596 0.40234 0
2441 596 0.41797 0
2442 596 0.41406 0
2443 2137 0.44141 0
2444 686 0.37500 0
2445 2066 0.40625 0
2446 2067 0.39844 0
2447 1276 0.41016 0
2448 1276 0.38672 0
2449 1272 0.33984 0
2450 1272 0.33594 0
2451 1272 0.33203 0
2452 1277 0.35156 0
2453 1276 0.33984 0
2454 1279 0.34766 0
2455 1278 0.33594 0
2456 1279 0.34375 0
2457 822 0.35547 0
2458 822 0.40234 0
2459 1284 0.37500 0
2460 822 0.33594 0
2461 1344 0.42969 0
2462 1526 0.41797 0
2463 1526 0.39844 0
2464 1286 0.36328 0
2465 1337 0.39062 0
2466 1337 0.37500 0
2467 1523 0.41406 0
2468 691 0.38281 0
2469 1521 0.41016 0
2470 1525 0.38672 0
2471 1524 0.37500 0
2472 1524 0.37109 0
2473 1339 0.37891 0
2474 1335 0.35547 0
2475 1334 0.37109 0
2476 1523 0.38281 0
2477 1332 0.37500 0
2478 1332 0.37891 0
2479 1332 0.35938 0
2480 1332 0.35938 0
2481 1332 0.35547 0
2482 1332 0.34375 0
2483 1332 0.34375 0
2484 1332 0.31641 0
2485 1332 0.33594 0
2486 708 0.35547 0
2487 727 0.35547 0
2488 727 0.35547 0
2489 1492 0.35547 0
2490 727 0.35156 0
2491 1492 0.37500 0
2492 1311 0.39453 0
2493 1329 0.39062 0
2494 1329 0.37891 0
2495 1329 0.37891 0
2496 1329 0.37500 0
2497 1512 0.32812 0
2498 1512 0.33984 0
2499 1512 0.36719 0
2500 1512 0.34375 0
2501 1510 0.33984 0
2502 1513 0.39453 0
2503 1513 0.34375 0
2504 1516 0.35156 0
2505 1516 0.38281 0
2506 1516 0.38672 0
2507 1516 0.32422 0
2508 1516 0.36328 0
2509 1516 0.34375 0
2510 1516 0.33594 0
2511 1516 0.37891 0
2512 1516 0.36719 0
2513 1516 0.38281 0
2514 1513 0.39453 0
2515 1489 0.36328 0
2516 1322 0.32812 0
2517 1322 0.33594 0
2518 1323 0.32422 0
2519 700 0.34766 0
2520 1515 0.38672 0
2521 1325 0.39062 0
2522 1323 0.34766 0
2523 1324 0.35156 0
2524 1324 0.33984 0
2525 1329 0.33984 0
2526 1329 0.37891 0
2527 1329 0.37500 0
2528 1329 0.36719 0
2529 1329 0.35938 0
2530 1329 0.37109 0
2531 1329 0.35938 0
2532 1329 0.38672 0
2533 1337 0.37891 0
2534 1337 0.38672 0
2535 1336 0.39453 0
2536 700 0.38672 0
2537 700 0.39844 0
2538 788 0.42188 0
2539 1486 0.35547 0
2540 701 0.37109 0
2541 1339 0.36719 0
2542 1339 0.32422 0
2543 1340 0.36719 0
2544 732 0.35547 0
2545 732 0.37500 0
2546 820 0.36719 0
2547 820 0.34766 0
2548 740 0.39062 0
2549 685 0.40234 0
2550 1345 0.39062 0
2551 1278 0.37891 0
2552 1273 0.38281 0
2553 1278 0.38672 0
2554 516 0.38672 0
2555 1269 0.38672 0
2556 1267 0.39453 0
2557 1269 0.35938 0
2558 1272 0.36328 0
2559 831 0.35938 0
2560 829 0.35156 0
2561 830 0.36328 0
2562 831 0.35156 0
2563 835 0.35156 0
2564 835 0.28906 0
2565 1156 0.37500 0
2566 837 0.32812 0
2567 2240 0.34766 0
2568 672 0.37109 0
2569 1139 0.35938 0
2570 1156 0.32812 0
2571 842 0.33594 0
2572 842 0.33203 0
2573 669 0.34375 0
2574 669 0.34766 0
2575 1185 0.34766 0
2576 1184 0.32812 0
2577 1264 0.37109 0
2578 1186 0.32812 0
2579 1184 0.30469 0
2580 1184 0.31250 0
2581 1184 0.30469 0
2582 839 0.35547 0
2583 1184 0.31641 0
2584 954 0.29297 0
2585 880 0.32422 0
2586 1187 0.35547 0
2587 2217 0.31641 0
2588 2217 0.32031 0
2589 927 0.35547 0
2590 1187 0.35156 0
2591 1176 0.36719 0
2592 915 0.34766 0
2593 915 0.32031 0
2594 524 0.32422 0
2595 524 0.37500 0
2596 524 0.38281 0
2597 653 0.41797 0
2598 654 0.40625 0
2599 627 0.35938 0
2600 628 0.34766 0
2601 2081 0.37891 0
2602 2079 0.39062 0
2603 626 0.37891 0
2604 624 0.37500 0
2605 1390 0.40625 0
2606 2186 0.38281 0
2607 930 0.32031 0
2608 931 0.30078 0
2609 1157 0.33594 0
2610 1157 0.32812 0
2611 925 0.42578 0
2612 529 0.38672 0
2613 2054 0.40625 0
2614 2186 0.39062 0
2615 2183 0.39453 0
2616 665 0.36719 0
2617 2181 0.37109 0
2618 2181 0.37109 0
2619 2178 0.36719 0
2620 2178 0.37109 0
2621 2177 0.35938 0
2622 2177 0.37500 0
2623 2176 0.33203 0
2624 2177 0.36719 0
2625 2291 0.38281 0
2626 2172 0.37109 0
2627 2172 0.38672 0
2628 2172 0.34766 0
2629 1460 0.36719 0
2630 1460 0.37891 0
2631 1365 0.39062 0
2632 1366 0.40625 0
2633 1433 0.33594 0
2634 1365 0.35156 0
2635 1433 0.35547 0
2636 782 0.33984 0
2637 1433 0.34375 0
2638 1433 0.34375 0
2639 1433 0.31641 0
2640 1370 0.33984 0
2641 1433 0.30078 0
2642 817 0.32812 0
2643 816 0.33203 0
2644 812 0.33984 0
2645 812 0.33203 0
2646 812 0.35156 0
2647 1531 0.37109 0
2648 820 0.37109 0
2649 819 0.35938 0
2650 774 0.37109 0
2651 1433 0.39453 0
2652 512 0.38672 0
2653 512 0.35938 0
2654 692 0.37891 0
2655 740 0.41016 0
2656 1288 0.39453 0
2657 1289 0.38672 0
2658 1290 0.40625 0
2659 1533 0.39844 0
2660 769 0.41406 0
2661 1292 0.35938 0
2662 1292 0.35156 0
2663 1293 0.35547 0
2664 1292 0.35547 0
2665 1535 0.39062 0
2666 693 0.36328 0
2667 692 0.37500 0
2668 514 0.36719 0
2669 1460 0.39453 0
2670 2047 0.37891 0
2671 1459 0.37109 0
2672 1460 0.35938 0
2673 1127 0.37109 0
2674 1459 0.33594 0
2675 1458 0.36328 0
2676 1451 0.37109 0
2677 1364 0.38281 0
2678 1364 0.36719 0
2679 1362 0.39062 0
2680 1465 0.35156 0
2681 524 0.35156 0
2682 1466 0.37891 0
2683 2279 0.41016 0
2684 1122 0.36719 0
2685 2278 0.37500 0
2686 2274 0.41406 0
2687 657 0.41016 0
2688 2279 0.43750 0
2689 516 0.35156 0
2690 1467 0.36719 0
2691 515 0.32031 0
2692 749 0.39453 0
2693 1346 0.35547 0
2694 1298 0.38672 0
2695 1292 0.36719 0
2696 1292 0.37500 0
2697 1298 0.38672 0
2698 1482 0.35938 0
2699 1305 0.39453 0
2700 1300 0.39453 0
2701 1938 0.39062 0
2702 1300 0.42188 0
2703 789 0.38672 0
2704 807 0.37109 0
2705 731 0.35156 0
2706 1337 0.35547 0
2707 731 0.34766 0
2708 731 0.38672 0
2709 1302 0.39453 0
2710 1085 0.42188 0
2711 1303 0.39844 0
2712 1897 0.39453 0
2713 1896 0.38672 0
2714 1894 0.37891 0
2715 1895 0.39844 0
2716 1903 0.40234 0
2717 1903 0.36719 0
2718 1903 0.38281 0
2719 1902 0.38281 0
2720 509 0.41406 0
2721 1429 0.38281 0
2722 1102 0.39062 0
2723 1101 0.40625 0
2724 1909 0.36719 0
2725 1884 0.39844 0
2726 1075 0.39062 0
2727 1516 0.39844 0
2728 497 0.41406 0
2729 1920 0.41406 0
2730 499 0.41406 0
2731 502 0.37109 0
2732 499 0.35547 0
2733 501 0.38672 0
2734 1869 0.37891 0
2735 504 0.40625 0
2736 501 0.39844 0
2737 503 0.39453 0
2738 493 0.36719 0
2739 501 0.41016 0
2740 509 0.40625 0
2741 1949 0.41797 0
2742 506 0.39062 0
2743 503 0.41797 0
2744 507 0.40625 0
2745 1919 0.42969 0
2746 1886 0.38672 0
2747 509 0.40234 0
2748 1926 0.39062 0
2749 1086 0.35547 0
2750 1948 0.37891 0
2751 1956 0.40625 0
2752 1956 0.37500 0
2753 1894 0.38281 0
2754 1893 0.39453 0
2755 1959 0.40234 0
2756 1959 0.41016 0
2757 506 0.38672 0
2758 1869 0.37891 0
2759 504 0.39453 0
2760 504 0.41797 0
2761 1892 0.41797 0
2762 1902 0.41797 0
2763 1106 0.39453 0
2764 1106 0.42188 0
2765 513 0.40625 0
2766 514 0.38672 0
2767 1348 0.40234 0
2768 514 0.35547 0
2769 1530 0.34766 0
2770 1345 0.35938 0
2771 517 0.35547 0
2772 517 0.37891 0
2773 517 0.37500 0
2774 1345 0.36719 0
2775 748 0.37891 0
2776 521 0.37109 0
2777 521 0.37891 0
2778 1463 0.37891 0
2779 1109 0.40625 0
2780 1125 0.42188 0
2781 812 0.42578 0
2782 1345 0.41016 0
2783 1343 0.38672 0
2784 2376 0.40625 0
2785 778 0.40625 0
2786 689 0.39453 0
2787 1446 0.41406 0
2788 1430 0.36328 0
2789 1531 0.37891 0
2790 1531 0.37891 0
2791 1446 0.37109 0
2792 1445 0.39844 0
2793 1446 0.40234 0
2794 767 0.39453 0
2795 1445 0.38281 0
2796 1100 0.39844 0
2797 1892 0.35156 0
2798 1892 0.37500 0
2799 1427 0.39844 0
2800 811 0.35156 0
2801 1444 0.37891 0
2802 1445 0.38281 0
2803 1446 0.39844 0
2804 1449 0.40625 0
2805 785 0.41016 0
2806 1100 0.42188 0
2807 515 0.40234 0
2808 730 0.39062 0
2809 730 0.41797 0
2810 788 0.39844 0
2811 732 0.39453 0
2812 1481 0.41406 0
2813 734 0.44531 0
2814 1891 0.39844 0
2815 1892 0.36719 0
2816 1892 0.38281 0
2817 1891 0.40234 0
2818 1881 0.41406 0
2819 1891 0.41797 0
2820 1896 0.41406 0
2821 1897 0.41406 0
2822 1526 0.40625 0
2823 1892 0.38281 0
2824 1892 0.39453 0
2825 1530 0.37109 0
2826 1474 0.40234 0
2827 1892 0.37500 0
2828 1881 0.38281 0
2829 1517 0.36719 0
2830 1881 0.36719 0
2831 1519 0.39062 0
2832 1887 0.40234 0
2833 1876 0.40234 0
2834 1903 0.40625 0
2835 1918 0.39453 0
2836 1890 0.39844 0
2837 1875 0.40625 0
2838 1891 0.37500 0
2839 1891 0.37891 0
2840 1893 0.41406 0
2841 512 0.38672 0
2842 1894 0.42578 0
2843 506 0.40234 0
2844 507 0.43750 0
2845 1870 0.41406 0
2846 1872 0.40625 0
2847 1873 0.42578 0
2848 1872 0.40625 0
2849 1891 0.42578 0
2850 1577 0.41797 0
2851 1577 0.42578 0
2852 1578 0.43750 0
2853 1574 0.45703 0
2854 1968 0.42578 0
2855 1969 0.42188 0
2856 1577 0.44531 0
2857 1574 0.42969 0
2858 1571 0.44922 0
2859 1575 0.41797 0
2860 1584 0.41406 0
2861 1878 0.40234 0
2862 1878 0.38672 0
2863 1880 0.39453 0
2864 444 0.41016 0
2865 443 0.39844 0
2866 155 0.42188 0
2867 453 0.40234 0
2868 182 0.40234 0
2869 1718 0.39844 0
2870 447 0.39062 0
2871 181 0.39062 0
2872 1747 0.37109 0
2873 284 0.40234 0
2874 149 0.40234 0
2875 150 0.41406 0
2876 151 0.43359 0
2877 150 0.40625 0
2878 1747 0.41406 0
2879 1745 0.42188 0
2880 1745 0.43359 0
2881 158 0.42969 0
2882 152 0.41797 0
2883 158 0.43750 0
2884 158 0.42188 0
2885 431 0.40625 0
2886 1747 0.39453 0
2887 147 0.42969 0
2888 1750 0.40625 0
2889 158 0.41797 0
2890 154 0.41797 0
2891 149 0.39844 0
2892 149 0.39844 0
2893 426 0.43750 0
2894 162 0.44531 0
2895 153 0.44922 0
2896 140 0.41797 0
2897 1602 0.41797 0
2898 361 0.41016 0
2899 1603 0.38672 0
2900 1604 0.38672 0
2901 360 0.38672 0
2902 1604 0.38672 0
2903 1597 0.39453 0
2904 1602 0.39844 0
2905 1604 0.42969 0
2906 160 0.42578 0
2907 364 0.43750 0
2908 1717 0.43359 0
2909 1882 0.44531 0
2910 1580 0.43750 0
2911 1884 0.39453 0
2912 1885 0.43750 0
2913 1968 0.39844 0
2914 1971 0.42969 0
2915 1957 0.41406 0
2916 990 0.39062 0
2917 1878 0.42188 0
2918 990 0.41797 0
2919 1577 0.42188 0
2920 1581 0.42578 0
2921 1581 0.42578 0
2922 1900 0.42188 0
2923 1899 0.40625 0
2924 1901 0.41406 0
2925 2374 0.42188 0
2926 1969 0.40625 0
2927 1972 0.42578 0
2928 1970 0.39062 0
2929 1971 0.43750 0
2930 1969 0.44141 0
2931 158 0.42969 0
2932 1590 0.42188 0
2933 1955 0.42969 0
2934 158 0.42969 0
2935 161 0.42578 0
2936 367 0.42578 0
2937 367 0.41016 0
2938 357 0.42969 0
2939 356 0.40234 0
2940 368 0.41406 0
2941 360 0.41016 0
2942 1879 0.40625 0
2943 362 0.41406 0
2944 362 0.40234 0
2945 436 0.42578 0
2946 433 0.42188 0
2947 366 0.43359 0
2948 1733 0.44141 0
2949 360 0.42578 0
2950 436 0.42578 0
2951 1886 0.42578 0
2952 433 0.44141 0
2953 361 0.41406 0
2954 434 0.41797 0
2955 441 0.40234 0
2956 435 0.41406 0
2957 442 0.40234 0
2958 367 0.44141 0
2959 1876 0.43359 0
2960 369 0.43359 0
2961 369 0.42969 0
2962 367 0.40625 0
2963 1878 0.42969 0
2964 1880 0.46484 0
2965 176 0.41016 0
2966 1910 0.44141 0
2967 429 0.44141 0
2968 1914 0.42969 0
2969 432 0.39062 0
2970 1914 0.41406 0
2971 1725 0.42969 0
2972 1725 0.42578 0
2973 438 0.40625 0
2974 1725 0.42188 0
2975 1725 0.41016 0
2976 436 0.38672 0
2977 438 0.37500 0
2978 1724 0.39844 0
2979 1724 0.42188 0
2980 1884 0.41016 0
2981 1723 0.42578 0
2982 1721 0.41797 0
2983 1723 0.39844 0
2984 1723 0.40625 0
2985 365 0.40625 0
2986 365 0.41016 0
2987 1717 0.42188 0
2988 181 0.42578 0
2989 1876 0.40234 0
2990 1876 0.34766 0
2991 1880 0.39062 0
2992 182 0.37891 0
2993 370 0.38672 0
2994 182 0.37500 0
2995 1881 0.34766 0
2996 182 0.33594 0
2997 182 0.34375 0
2998 182 0.38281 0
2999 185 0.40234 0
3000 370 0.38281 0
3001 186 0.38672 0
3002 1886 0.42188 0
3003 370 0.40234 0
3004 1884 0.39062 0
3005 1884 0.35938 0
3006 1885 0.35547 0
3007 1886 0.40625 0
3008 1886 0.37109 0
3009 1886 0.39062 0
3010 1888 0.37891 0
3011 449 0.39453 0
3012 1888 0.36719 0
3013 1888 0.40625 0
3014 182 0.41016 0
3015 388 0.40625 0
3016 1913 0.43750 0
3017 386 0.40625 0
3018 1914 0.42188 0
3019 1915 0.40625 0
3020 1915 0.38281 0
3021 387 0.39844 0
3022 1915 0.37500 0
3023 2512 0.40625 0
3024 2512 0.35156 0
3025 475 0.39453 0
3026 447 0.39844 0
3027 447 0.39844 0
3028 2491 0.46484 0
3029 2502 0.43750 0
3030 2504 0.41406 0
3031 483 0.42578 0
3032 1915 0.41406 0
3033 483 0.42188 0
3034 299 0.39844 0
3035 300 0.43359 0
3036 301 0.42969 0
3037 299 0.42578 0
3038 299 0.45703 0
3039 1026 0.43359 0
3040 303 0.42578 0
3041 298 0.41797 0
3042 1012 0.42578 0
3043 1029 0.42188 0
3044 1019 0.40234 0
3045 298 0.38281 0
3046 298 0.37891 0
3047 1029 0.45312 0
3048 187 0.44141 0
3049 1030 0.41016 0
3050 1040 0.40234 0
3051 304 0.37891 0
3052 305 0.39062 0
3053 305 0.38281 0
3054 306 0.41406 0
3055 307 0.43750 0
3056 306 0.39844 0
3057 1941 0.37500 0
3058 1941 0.37109 0
3059 436 0.37891 0
3060 267 0.37500 0
3061 268 0.39844 0
3062 1920 0.40625 0
3063 268 0.39844 0
3064 270 0.41016 0
3065 1926 0.39844 0
3066 1920 0.41797 0
3067 1086 0.37109 0
3068 1086 0.38281 0
3069 2724 0.39062 0
3070 1086 0.40625 0
3071 2709 0.39453 0
3072 2509 0.39453 0
3073 2513 0.37891 0
3074 2709 0.37891 0
3075 1085 0.37109 0
3076 2501 0.38281 0
3077 2501 0.40625 0
3078 2501 0.41016 0
3079 788 0.37891 0
3080 788 0.35938 0
3081 1427 0.35547 0
3082 782 0.40234 0
3083 788 0.37500 0
3084 788 0.37109 0
3085 1427 0.34766 0
3086 1433 0.38672 0
3087 1430 0.40234 0
3088 1560 0.41016 0
3089 2039 0.41016 0
3090 1424 0.35938 0
3091 791 0.37500 0
3092 1569 0.38281 0
3093 2381 0.39844 0
3094 1425 0.40234 0
3095 2287 0.36328 0
3096 1425 0.40625 0
3097 1561 0.37500 0
3098 2162 0.41016 0
3099 2045 0.42188 0
3100 2040 0.39062 0
3101 1545 0.37891 0
3102 1545 0.38672 0
3103 573 0.37891 0
3104 1361 0.35547 0
3105 571 0.35156 0
3106 2047 0.38281 0
3107 1551 0.38672 0
3108 2096 0.33203 0
3109 2099 0.31250 0
3110 2102 0.36719 0
3111 1361 0.37109 0
3112 1398 0.38672 0
3113 2097 0.35938 0
3114 2103 0.36328 0
3115 1363 0.34766 0
3116 2103 0.37500 0
3117 660 0.32812 0
3118 2101 0.34375 0
3119 661 0.36328 0
3120 2102 0.38281 0
3121 1370 0.33594 0
3122 662 0.35547 0
3123 661 0.37109 0
3124 2105 0.32812 0
3125 2036 0.40625 0
3126 2034 0.38672 0
3127 683 0.37891 0
3128 686 0.37109 0
3129 2034 0.39844 0
3130 2034 0.39844 0
3131 2031 0.40234 0
3132 2031 0.35938 0
3133 2015 0.40234 0
3134 2031 0.39062 0
3135 2026 0.32422 0
3136 662 0.33594 0
3137 661 0.34766 0
3138 2024 0.33594 0
3139 2026 0.33984 0
3140 663 0.36328 0
3141 2012 0.32812 0
3142 2024 0.36328 0
3143 2201 0.33594 0
3144 1370 0.37891 0
3145 1249 0.34766 0
3146 2205 0.40625 0
3147 2150 0.36328 0
3148 2168 0.38672 0
3149 2207 0.35547 0
3150 2158 0.38281 0
3151 2211 0.39844 0
3152 661 0.36719 0
3153 2156 0.37500 0
3154 2157 0.39062 0
3155 659 0.38281 0
3156 656 0.36719 0
3157 2206 0.36719 0
3158 2204 0.35156 0
3159 657 0.36328 0
3160 653 0.38672 0
3161 657 0.37109 0
3162 2024 0.37109 0
3163 2679 0.40625 0
3164 2043 0.38672 0
3165 2040 0.33594 0
3166 2027 0.37109 0
3167 2027 0.38672 0
3168 2042 0.37109 0
3169 2029 0.38281 0
3170 665 0.36719 0
3171 683 0.36719 0
3172 683 0.37891 0
3173 2039 0.35156 0
3174 2042 0.39453 0
3175 2673 0.40625 0
3176 2673 0.40625 0
3177 1356 0.38281 0
3178 1357 0.40625 0
3179 2277 0.39844 0
3180 2282 0.39062 0
3181 2276 0.41016 0
3182 2045 0.39844 0
3183 2384 0.38281 0
3184 691 0.33594 0
3185 689 0.36719 0
3186 688 0.39844 0
3187 689 0.39062 0
3188 783 0.39062 0
3189 781 0.39062 0
3190 782 0.38672 0
3191 2078 0.36719 0
3192 781 0.37500 0
3193 2445 0.38672 0
3194 2639 0.41406 0
3195 1475 0.34766 0
3196 2183 0.35156 0
3197 689 0.41016 0
3198 2643 0.37109 0
3199 1427 0.40234 0
3200 1568 0.40234 0
3201 731 0.39062 0
3202 781 0.39453 0
3203 2639 0.37891 0
3204 782 0.37891 0
3205 1403 0.39844 0
3206 2669 0.39844 0
3207 1368 0.40625 0
3208 2678 0.41797 0
3209 1365 0.39453 0
3210 2045 0.38672 0
3211 2045 0.37109 0
3212 2050 0.38672 0
3213 1545 0.40625 0
3214 1422 0.33594 0
3215 1420 0.34375 0
3216 2039 0.35156 0
3217 1420 0.36328 0
3218 1417 0.37500 0
3219 572 0.37891 0
3220 2042 0.37109 0
3221 1545 0.37500 0
3222 1363 0.37891 0
3223 1364 0.37109 0
3224 1364 0.37109 0
3225 1364 0.38281 0
3226 664 0.34766 0
3227 2028 0.35156 0
3228 2029 0.37109 0
3229 2036 0.39453 0
3230 2280 0.39844 0
3231 2029 0.35938 0
3232 2025 0.39453 0
3233 1387 0.39062 0
3234 657 0.39453 0
3235 1210 0.39844 0
3236 2206 0.39844 0
3237 2209 0.36719 0
3238 655 0.35938 0
3239 2207 0.36719 0
3240 658 0.39453 0
3241 658 0.38281 0
3242 2182 0.36328 0
3243 2030 0.35938 0
3244 658 0.37891 0
3245 2185 0.36328 0
3246 2013 0.37891 0
3247 1370 0.36719 0
3248 2041 0.34375 0
3249 2042 0.33984 0
3250 2042 0.30859 0
3251 1372 0.33594 0
3252 1370 0.30078 0
3253 2045 0.34375 0
3254 2045 0.34375 0
3255 2045 0.35547 0
3256 2045 0.37500 0
3257 1368 0.38281 0
3258 1368 0.35156 0
3259 1545 0.40625 0
3260 1544 0.38281 0
3261 1400 0.36719 0
3262 1363 0.38672 0
3263 749 0.40234 0
3264 1546 0.38672 0
3265 749 0.38281 0
3266 2181 0.38672 0
3267 2179 0.34766 0
3268 1547 0.37500 0
3269 1545 0.37891 0
3270 2050 0.39062 0
3271 1548 0.33594 0
3272 1366 0.33594 0
3273 2377 0.40625 0
3274 1546 0.32812 0
3275 1546 0.31641 0
3276 2081 0.34375 0
3277 2059 0.37109 0
3278 819 0.35547 0
3279 2064 0.33984 0
3280 2644 0.34375 0
3281 2644 0.35156 0
3282 688 0.35156 0
3283 2644 0.32812 0
3284 519 0.38672 0
3285 519 0.37109 0
3286 521 0.36719 0
3287 521 0.37891 0
3288 1534 0.38281 0
3289 2667 0.39844 0
3290 2644 0.38281 0
3291 2666 0.34766 0
3292 686 0.38281 0
3293 2667 0.37891 0
3294 1461 0.39844 0
3295 1460 0.38672 0
3296 1461 0.36328 0
3297 2669 0.39062 0
3298 1365 0.40234 0
3299 1402 0.38281 0
3300 1402 0.38672 0
3301 1401 0.36328 0
3302 2041 0.37109 0
3303 1405 0.37891 0
3304 2046 0.37891 0
3305 1402 0.40625 0
3306 1550 0.35156 0
3307 1363 0.36719 0
3308 2682 0.37500 0
3309 1362 0.35938 0
3310 1362 0.35156 0
3311 1362 0.39062 0
3312 1361 0.39844 0
3313 2676 0.34375 0
3314 2163 0.41797 0
3315 2166 0.36328 0
3316 1462 0.39844 0
3317 2669 0.41797 0
3318 2050 0.41016 0
3319 2670 0.38281 0
3320 2167 0.42188 0
3321 1562 0.38672 0
3322 1462 0.36719 0
3323 655 0.41406 0
3324 2639 0.40625 0
3325 1466 0.39844 0
3326 2276 0.38281 0
3327 1539 0.37109 0
3328 1536 0.39844 0
3329 2075 0.34766 0
3330 2073 0.35938 0
3331 656 0.37500 0
3332 602 0.35547 0
3333 1198 0.32812 0
3334 1198 0.30859 0
3335 2021 0.31641 0
3336 2024 0.31641 0
3337 2206 0.33984 0
3338 2206 0.32422 0
3339 2205 0.31641 0
3340 2206 0.35156 0
3341 2278 0.32422 0
3342 2205 0.36719 0
3343 2201 0.31641 0
3344 2201 0.32422 0
3345 2201 0.34766 0
3346 666 0.31641 0
3347 664 0.33984 0
3348 664 0.35938 0
3349 664 0.34375 0
3350 2028 0.35938 0
3351 1535 0.36328 0
3352 524 0.36719 0
3353 657 0.36719 0
3354 657 0.35938 0
3355 657 0.33203 0
3356 1360 0.35938 0
3357 657 0.34375 0
3358 2687 0.36328 0
3359 2158 0.40625 0
3360 2383 0.37891 0
3361 2676 0.37500 0
3362 2677 0.33594 0
3363 2676 0.33594 0
3364 810 0.38281 0
3365 692 0.36719 0
3366 2042 0.35547 0
3367 730 0.39453 0
3368 2668 0.38672 0
3369 1483 0.38281 0
3370 1486 0.37500 0
3371 807 0.37891 0
3372 1555 0.37891 0
3373 1553 0.36719 0
3374 1553 0.37500 0
3375 2800 0.40234 0
3376 1556 0.40234 0
3377 2538 0.42188 0
3378 1556 0.43750 0
3379 1428 0.41016 0
3380 2536 0.42969 0
3381 2536 0.44922 0
3382 1528 0.45703 0
3383 689 0.42188 0
3384 1336 0.43359 0
3385 2478 0.37500 0
3386 1332 0.38672 0
3387 1403 0.42969 0
3388 1432 0.41016 0
3389 791 0.43359 0
3390 701 0.43359 0
3391 791 0.42969 0
3392 701 0.41406 0
3393 701 0.39844 0
3394 2795 0.40234 0
3395 2796 0.41797 0
3396 2047 0.38672 0
3397 1528 0.37500 0
3398 1528 0.38672 0
3399 1480 0.37500 0
3400 1528 0.37500 0
3401 1529 0.40234 0
3402 1556 0.38281 0
3403 1485 0.37500 0
3404 1482 0.40234 0
3405 1528 0.39062 0
3406 1479 0.37500 0
3407 1487 0.37109 0
3408 1488 0.39062 0
3409 3093 0.39453 0
3410 2043 0.36719 0
3411 791 0.38672 0
3412 1426 0.39844 0
3413 714 0.42188 0
3414 711 0.39062 0
3415 704 0.37500 0
3416 712 0.39844 0
3417 720 0.34375 0
3418 711 0.41406 0
3419 1493 0.40234 0
3420 1496 0.39062 0
3421 1496 0.39844 0
3422 2499 0.37109 0
3423 2499 0.39844 0
3424 2501 0.39453 0
3425 1508 0.39062 0
3426 1505 0.42578 0
3427 1506 0.38281 0
3428 1500 0.39062 0
3429 1500 0.35156 0
3430 1500 0.36328 0
3431 1500 0.36328 0
3432 1502 0.39062 0
3433 1513 0.40234 0
3434 1513 0.42578 0
3435 1513 0.43359 0
3436 1496 0.41406 0
3437 1513 0.37109 0
3438 1509 0.37109 0
3439 1509 0.39453 0
3440 721 0.38281 0
3441 802 0.37500 0
3442 1502 0.40625 0
3443 1504 0.39453 0
3444 1500 0.40234 0
3445 710 0.39844 0
3446 2495 0.37500 0
3447 725 0.37500 0
3448 1517 0.39062 0
3449 2492 0.41406 0
3450 1516 0.39453 0
3451 2487 0.39453 0
3452 2478 0.43359 0
3453 2494 0.39844 0
3454 2490 0.41406 0
3455 473 0.42969 0
3456 2516 0.41406 0
3457 2475 0.35938 0
3458 2827 0.37891 0
3459 2827 0.36719 0
3460 1287 0.39453 0
3461 1291 0.42578 0
3462 2823 0.35938 0
3463 2823 0.37891 0
3464 2821 0.38281 0
3465 2819 0.37500 0
3466 2819 0.37109 0
3467 2820 0.37891 0
3468 2819 0.36719 0
3469 2819 0.38281 0
3470 2770 0.39844 0
3471 739 0.41406 0
3472 2652 0.42188 0
3473 2652 0.41797 0
3474 2652 0.42188 0
3475 2448 0.42188 0
3476 741 0.41406 0
3477 741 0.38672 0
3478 1286 0.38281 0
3479 1286 0.43359 0
3480 1283 0.40625 0
3481 2653 0.41016 0
3482 2651 0.39453 0
3483 2381 0.36328 0
3484 2659 0.39453 0
3485 2397 0.37109 0
3486 2239 0.35547 0
3487 2239 0.31641 0
3488 2241 0.32812 0
3489 1137 0.34766 0
3490 1138 0.37109 0
3491 1138 0.37109 0
3492 2254 0.38281 0
3493 2243 0.36328 0
3494 2239 0.30469 0
3495 2241 0.32031 0
3496 2241 0.30469 0
3497 2241 0.33594 0
3498 2301 0.30859 0
3499 2241 0.33203 0
3500 2241 0.37500 0
3501 2119 0.32812 0
3502 2120 0.30859 0
3503 2120 0.30469 0
3504 2264 0.31641 0
3505 2258 0.29297 0
3506 2132 0.32422 0
3507 2186 0.35156 0
3508 2129 0.39062 0
3509 910 0.39453 0
3510 2047 0.37500 0
3511 2140 0.35938 0
3512 571 0.40234 0
3513 2053 0.41797 0
3514 2093 0.40234 0
3515 2094 0.38672 0
3516 2059 0.41016 0
3517 2059 0.39844 0
3518 570 0.36719 0
3519 2172 0.39844 0
3520 658 0.38281 0
3521 2175 0.37891 0
3522 2175 0.35547 0
3523 2029 0.37500 0
3524 3167 0.35938 0
3525 3167 0.37891 0
3526 2035 0.40234 0
3527 2184 0.37109 0
3528 2185 0.34766 0
3529 2445 0.38672 0
3530 2189 0.38672 0
3531 2191 0.37500 0
3532 2257 0.41406 0
3533 2193 0.37109 0
3534 2225 0.28906 0
3535 2225 0.27734 0
3536 2259 0.36328 0
3537 2198 0.33984 0
3538 2201 0.35547 0
3539 2201 0.32812 0
3540 2207 0.35156 0
3541 2341 0.31641 0
3542 2207 0.34375 0
3543 2341 0.35156 0
3544 2420 0.36719 0
3545 2421 0.34375 0
3546 2214 0.37109 0
3547 2414 0.35547 0
3548 2216 0.37500 0
3549 838 0.28906 0
3550 838 0.26172 0
3551 838 0.31250 0
3552 838 0.31250 0
3553 2322 0.31250 0
3554 2322 0.27344 0
3555 2271 0.32812 0
3556 2324 0.32031 0
3557 2324 0.32422 0
3558 2571 0.37500 0
3559 2269 0.36719 0
3560 2081 0.35156 0
3561 910 0.33594 0
3562 2185 0.38281 0
3563 2187 0.37891 0
3564 2377 0.37500 0
3565 2368 0.37891 0
3566 2388 0.39062 0
3567 2372 0.40234 0
3568 2373 0.37109 0
3569 2371 0.34375 0
3570 688 0.35547 0
3571 688 0.37109 0
3572 688 0.35938 0
3573 690 0.35547 0
3574 688 0.36328 0
3575 2540 0.32812 0
3576 2540 0.33203 0
3577 2540 0.34375 0
3578 2540 0.36328 0
3579 2481 0.31641 0
3580 707 0.37500 0
3581 704 0.32422 0
3582 704 0.38672 0
3583 792 0.39453 0
3584 793 0.38281 0
3585 1324 0.39062 0
3586 1323 0.37500 0
3587 727 0.39844 0
3588 728 0.36328 0
3589 727 0.38281 0
3590 2509 0.37500 0
3591 2539 0.39453 0
3592 689 0.38281 0
3593 734 0.38672 0
3594 689 0.38672 0
3595 1286 0.41016 0
3596 1286 0.38672 0
3597 1433 0.39062 0
3598 2548 0.38672 0
3599 2549 0.37109 0
3600 2444 0.43359 0
3601 685 0.40625 0
3602 2400 0.37109 0
3603 2399 0.38281 0
3604 2082 0.36328 0
3605 2397 0.35156 0
3606 2273 0.40234 0
3607 2291 0.38281 0
3608 3182 0.36719 0
3609 659 0.33984 0
3610 2202 0.31250 0
3611 2202 0.30469 0
3612 2201 0.37109 0
3613 2199 0.37109 0
3614 3136 0.39062 0
3615 3137 0.34375 0
3616 3137 0.32031 0
3617 662 0.37500 0
3618 3137 0.38281 0
3619 2110 0.39062 0
3620 2429 0.37500 0
3621 2261 0.41797 0
3622 2085 0.38672 0
3623 2299 0.39062 0
3624 2225 0.36328 0
3625 2253 0.35938 0
3626 2253 0.37891 0
3627 2301 0.36328 0
3628 2309 0.35156 0
3629 2313 0.39453 0
3630 2313 0.37891 0
3631 2564 0.35938 0
3632 2564 0.39062 0
3633 2239 0.39453 0
3634 2225 0.36328 0
3635 2298 0.39062 0
3636 2298 0.36328 0
3637 2298 0.38281 0
3638 2298 0.39062 0
3639 2249 0.39844 0
3640 2249 0.36719 0
3641 2302 0.37500 0
3642 2249 0.35938 0
3643 2250 0.35156 0
3644 1116 0.39062 0
3645 2550 0.37891 0
3646 2400 0.39062 0
3647 2550 0.36328 0
3648 2264 0.39062 0
3649 2236 0.37891 0
3650 2260 0.38281 0
3651 587 0.37500 0
3652 1115 0.37891 0
3653 1128 0.35547 0
3654 1131 0.39062 0
3655 1127 0.37109 0
3656 2289 0.39844 0
3657 2290 0.42188 0
3658 2290 0.40625 0
3659 2639 0.38281 0
3660 2640 0.39062 0
3661 2639 0.38672 0
3662 2184 0.39453 0
3663 1140 0.33984 0
3664 2148 0.34375 0
3665 1140 0.34375 0
3666 1140 0.36328 0
3667 1139 0.36328 0
3668 686 0.40625 0
3669 2079 0.39062 0
3670 824 0.41406 0
3671 2216 0.35938 0
3672 1152 0.32812 0
3673 2217 0.32812 0
3674 2217 0.35156 0
3675 2188 0.31641 0
3676 2187 0.35938 0
3677 2187 0.39844 0
3678 2194 0.34375 0
3679 2193 0.32031 0
3680 2399 0.32812 0
3681 2397 0.36328 0
3682 2080 0.32422 0
3683 2081 0.35547 0
3684 2082 0.35156 0
3685 2343 0.34766 0
3686 2341 0.33984 0
3687 2339 0.33984 0
3688 2572 0.36328 0
3689 2412 0.35938 0
3690 2412 0.34766 0
3691 2219 0.35156 0
3692 2262 0.38281 0
3693 839 0.38672 0
3694 2098 0.36719 0
3695 569 0.41406 0
3696 2094 0.41016 0
3697 2096 0.39062 0
3698 2171 0.37891 0
3699 663 0.38281 0
3700 663 0.37109 0
3701 576 0.37891 0
3702 570 0.37109 0
3703 575 0.38672 0
3704 2171 0.39453 0
3705 2179 0.37109 0
3706 2293 0.31250 0
3707 2188 0.35938 0
3708 2294 0.32812 0
3709 2292 0.32422 0
3710 2293 0.34766 0
3711 2195 0.36328 0
3712 2445 0.35547 0
3713 2219 0.36328 0
3714 2299 0.33984 0
3715 2366 0.30078 0
3716 2365 0.31641 0
3717 2256 0.32422 0
3718 2358 0.32031 0
3719 2358 0.32812 0
3720 2359 0.32422 0
3721 2358 0.32031 0
3722 2457 0.37500 0
3723 819 0.39844 0
3724 2646 0.40234 0
3725 817 0.39453 0
3726 817 0.35938 0
3727 817 0.37500 0
3728 2541 0.35156 0
3729 2541 0.37891 0
3730 813 0.33594 0
3731 813 0.35156 0
3732 2468 0.30859 0
3733 2468 0.30859 0
3734 813 0.34766 0
3735 2468 0.37109 0
3736 812 0.38672 0
3737 812 0.43359 0
3738 1434 0.41016 0
3739 2477 0.31641 0
3740 1433 0.40625 0
3741 729 0.40234 0
3742 2530 0.38672 0
3743 810 0.38672 0
3744 810 0.36719 0
3745 810 0.39062 0
3746 809 0.36719 0
3747 2807 0.37500 0
3748 808 0.35547 0
3749 807 0.35156 0
3750 792 0.37500 0
3751 807 0.37891 0
3752 807 0.38672 0
3753 807 0.39062 0
3754 2797 0.38672 0
3755 2797 0.39844 0
3756 2805 0.36719 0
3757 2791 0.32812 0
3758 2802 0.37891 0
3759 2803 0.38281 0
3760 2804 0.34766 0
3761 2805 0.35547 0
3762 2805 0.33984 0
3763 810 0.34766 0
3764 810 0.37500 0
3765 810 0.35156 0
3766 812 0.35156 0
3767 812 0.36328 0
3768 2658 0.38281 0
3769 813 0.34375 0
3770 3178 0.35938 0
3771 813 0.35547 0
3772 813 0.37109 0
3773 1110 0.38281 0
3774 813 0.35156 0
3775 813 0.35938 0
3776 813 0.38281 0
3777 685 0.37500 0
3778 688 0.38281 0
3779 685 0.37891 0
3780 685 0.35156 0
3781 950 0.37109 0
3782 950 0.37109 0
3783 950 0.35156 0
3784 1135 0.42578 0
3785 913 0.41797 0
3786 914 0.37500 0
3787 2390 0.37109 0
3788 913 0.39453 0
3789 1135 0.38281 0
3790 1135 0.39844 0
3791 2395 0.38672 0
3792 1135 0.37891 0
3793 1135 0.36328 0
3794 1135 0.37891 0
3795 1135 0.37500 0
3796 1135 0.35547 0
3797 2398 0.37109 0
3798 2398 0.38281 0
3799 2360 0.37500 0
3800 2358 0.41406 0
3801 2194 0.41797 0
3802 1134 0.39453 0
3803 2366 0.39453 0
3804 1397 0.42578 0
3805 2189 0.41797 0
3806 2390 0.40625 0
3807 2390 0.39453 0
3808 2390 0.39453 0
3809 2444 0.37109 0
3810 2444 0.36328 0
3811 685 0.40234 0
3812 771 0.40234 0
3813 1139 0.42188 0
3814 2388 0.39062 0
3815 686 0.39844 0
3816 1159 0.38281 0
3817 1158 0.41016 0
3818 2082 0.41016 0
3819 2083 0.41016 0
3820 2060 0.41797 0
3821 2086 0.35938 0
3822 1131 0.37891 0
3823 1131 0.37891 0
3824 1397 0.40234 0
3825 1135 0.39844 0
3826 1392 0.39453 0
3827 2261 0.42969 0
3828 688 0.39453 0
3829 685 0.38672 0
3830 1131 0.39844 0
3831 1130 0.40625 0
3832 1131 0.40625 0
3833 2398 0.42969 0
3834 2243 0.41016 0
3835 1131 0.39844 0
3836 1131 0.37891 0
3837 685 0.35938 0
3838 685 0.38672 0
3839 1135 0.43359 0
3840 1134 0.41797 0
3841 1370 0.39062 0
3842 1125 0.40234 0
3843 1370 0.41016 0
3844 1126 0.37109 0
3845 1126 0.37500 0
3846 2060 0.41797 0
3847 1125 0.41797 0
3848 662 0.41406 0
3849 2389 0.38281 0
3850 2610 0.40625 0
3851 1124 0.41406 0
3852 3280 0.36719 0
3853 523 0.41016 0
3854 2621 0.39453 0
3855 2621 0.36719 0
3856 3275 0.39844 0
3857 3274 0.41016 0
3858 2388 0.39844 0
3859 2388 0.38281 0
3860 695 0.39062 0
3861 1523 0.38672 0
3862 1523 0.39062 0
3863 1521 0.38281 0
3864 2531 0.37500 0
3865 2509 0.29688 1
3866 2512 0.17578 1
3867 2512 0.14453 1
3868 2512 0.14062 1
3869 2516 0.11719 1
3870 2513 0.17578 1
3871 2513 0.22656 0
3872 2506 0.35547 0
3873 2498 0.36328 0
3874 2491 0.34766 0
3875 2495 0.32812 0
3876 2512 0.37500 0
3877 2490 0.35156 0
3878 1492 0.39453 0
3879 725 0.39453 0
3880 1430 0.37109 0
3881 1430 0.37109 0
3882 695 0.36328 0
3883 692 0.38281 0
3884 692 0.38281 0
3885 2652 0.38281 0
3886 691 0.37891 0
3887 2625 0.41797 0
3888 1137 0.40234 0
3889 2275 0.37500 0
3890 2277 0.37891 0
3891 2273 0.36719 0
3892 952 0.40234 0
3893 948 0.40625 0
3894 524 0.39453 0
3895 525 0.36719 0
3896 527 0.35156 0
3897 527 0.33984 0
3898 911 0.37109 0
3899 1164 0.38281 0
3900 529 0.36328 0
3901 2214 0.40234 0
3902 2200 0.38281 0
3903 2427 0.37109 0
3904 535 0.37109 0
3905 535 0.35547 0
3906 2213 0.39453 0
3907 1164 0.33984 0
3908 2215 0.39844 0
3909 1177 0.37500 0
3910 582 0.37891 0
3911 2175 0.39844 0
3912 1177 0.37891 0
3913 1169 0.38281 0
3914 1178 0.37109 0
3915 1219 0.37109 0
3916 553 0.34766 0
3917 1221 0.34375 0
3918 2209 0.36328 0
3919 2203 0.36328 0
3920 2201 0.35938 0
3921 652 0.35938 0
3922 565 0.37891 0
3923 2026 0.37891 0
3924 2176 0.35938 0
3925 2175 0.33984 0
3926 565 0.38672 0
3927 615 0.40234 0
3928 616 0.39062 0
3929 2214 0.38281 0
3930 625 0.37109 0
3931 2215 0.36719 0
3932 2213 0.31250 0
3933 2590 0.33984 0
3934 2216 0.32422 0
3935 2200 0.36719 0
3936 2200 0.35156 0
3937 2200 0.36328 0
3938 585 0.35547 0
3939 2076 0.32422 0
3940 585 0.35547 0
3941 657 0.35938 0
3942 2104 0.41016 0
3943 654 0.39844 0
3944 2416 0.38672 0
3945 2416 0.40234 0
3946 3539 0.38281 0
3947 2415 0.37500 0
3948 2215 0.37109 0
3949 1177 0.39844 0
3950 2144 0.38672 0
3951 3539 0.39844 0
3952 1128 0.37891 0
3953 1127 0.39453 0
3954 1127 0.40234 0
3955 664 0.41797 0
3956 1127 0.40625 0
3957 2676 0.40234 0
3958 2676 0.41406 0
3959 1125 0.38281 0
3960 2674 0.37500 0
3961 2674 0.39062 0
3962 762 0.42578 0
3963 2672 0.40234 0
3964 1428 0.38281 0
3965 2781 0.39062 0
3966 1406 0.38281 0
3967 3178 0.40625 0
3968 2781 0.37891 0
3969 2767 0.38672 0
3970 2767 0.36719 0
3971 2913 0.36328 0
3972 2781 0.37109 0
3973 2913 0.41406 0
3974 2911 0.41406 0
3975 1974 0.42188 0
3976 2911 0.39844 0
3977 2916 0.41406 0
3978 990 0.37500 0
3979 1979 0.37109 0
3980 462 0.40234 0
3981 1882 0.42578 0
3982 1878 0.41016 0
3983 1957 0.41797 0
3984 1957 0.38672 0
3985 1957 0.39062 0
3986 1948 0.39844 0
3987 1948 0.39453 0
3988 997 0.40234 0
3989 1945 0.40234 0
3990 1948 0.39844 0
3991 1945 0.39844 0
3992 1949 0.41016 0
3993 1944 0.38672 0
3994 1944 0.38281 0
3995 1944 0.35156 0
3996 1945 0.35156 0
3997 1929 0.37891 0
3998 1946 0.36719 0
3999 1944 0.37500 0
4000 1929 0.37891 0
4001 1929 0.38281 0
4002 1929 0.39453 0
4003 1929 0.36719 0
4004 1927 0.37109 0
4005 1929 0.35156 0
4006 1929 0.35938 0
4007 1929 0.35547 0
4008 1929 0.35938 0
4009 1929 0.41016 0
4010 1929 0.39453 0
4011 1929 0.38672 0
4012 1929 0.41797 0
4013 1929 0.41016 0
4014 1929 0.37891 0
4015 1929 0.39062 0
4016 1929 0.39844 0
4017 1929 0.41016 0
4018 1929 0.40625 0
4019 1929 0.40234 0
4020 1929 0.39453 0
4021 1929 0.39062 0
4022 1929 0.39062 0
4023 2750 0.38672 0
4024 1929 0.37500 0
4025 2750 0.37500 0
4026 2750 0.35938 0
4027 1929 0.39844 0
4028 1929 0.37891 0
4029 2750 0.35547 0
4030 2750 0.37109 0
4031 2750 0.38281 0
4032 2750 0.35156 0
4033 1929 0.36328 0
4034 1009 0.39844 0
4035 2750 0.37891 0
4036 1007 0.37891 0
4037 1929 0.40234 0
4038 2751 0.39844 0
4039 199 0.40625 0
4040 1008 0.39844 0
4041 1006 0.39844 0
4042 203 0.40234 0
4043 1015 0.38672 0
4044 198 0.39062 0
4045 325 0.39844 0
4046 1016 0.38672 0
4047 1855 0.37500 0
4048 1855 0.37500 0
4049 1857 0.40234 0
4050 1855 0.38672 0
4051 265 0.37500 0
4052 1859 0.40625 0
4053 1857 0.35938 0
4054 1857 0.37891 0
4055 1956 0.39844 0
4056 1946 0.38672 0
4057 1931 0.41406 0
4058 1948 0.39844 0
4059 1951 0.38672 0
4060 1694 0.41406 0
4061 1866 0.41016 0
4062 1864 0.37891 0
4063 1866 0.36719 0
4064 1866 0.41797 0
4065 1866 0.39062 0
4066 1866 0.36328 0
4067 1865 0.37500 0
4068 1866 0.38672 0
4069 1866 0.38672 0
4070 2757 0.39844 0
4071 1866 0.40625 0
