301 1 0.45312 0
302 1 0.50000 0
303 1 0.48438 0
304 1 0.46875 0
305 1 0.46875 0
306 1 0.44531 0
307 1 0.44922 0
308 1 0.43359 0
309 1 0.44531 0
310 1 0.46484 0
311 3 0.41016 0
312 3 0.41797 0
313 6 0.39453 0
314 6 0.44141 0
315 7 0.45312 0
316 9 0.43359 0
317 8 0.38281 0
318 9 0.41406 0
319 11 0.41406 0
320 10 0.42578 0
321 6 0.42188 0
322 5 0.39844 0
323 5 0.39844 0
324 5 0.38281 0
325 1 0.41797 0
326 5 0.40625 0
327 8 0.42969 0
328 14 0.43359 0
329 20 0.44531 0
330 2 0.43359 0
331 1 0.42578 0
332 6 0.45312 0
333 1 0.44141 0
334 1 0.42969 0
335 8 0.43359 0
336 1 0.45312 0
337 10 0.42578 0
338 10 0.41406 0
339 12 0.41406 0
340 31 0.45312 0
341 37 0.41797 0
342 37 0.42969 0
343 36 0.40625 0
344 8 0.38281 0
345 8 0.36328 0
346 8 0.41797 0
347 6 0.44531 0
348 6 0.38281 0
349 6 0.41406 0
350 6 0.37109 0
351 6 0.40625 0
352 39 0.40625 0
353 8 0.42188 0
354 40 0.40625 0
355 40 0.43750 0
356 40 0.43359 0
357 12 0.41406 0
358 40 0.41406 0
359 13 0.42969 0
360 11 0.41016 0
361 11 0.43750 0
362 1 0.46094 0
363 1 0.41406 0
364 12 0.44531 0
365 1 0.42969 0
366 12 0.42969 0
367 12 0.41797 0
368 11 0.44141 0
369 41 0.45703 0
370 1 0.42188 0
371 2 0.44141 0
372 2 0.46094 0
373 68 0.45312 0
374 8 0.42969 0
375 7 0.44922 0
376 71 0.45703 0
377 68 0.43359 0
378 64 0.42969 0
379 64 0.43750 0
380 66 0.40625 0
381 65 0.42578 0
382 5 0.44141 0
383 6 0.42969 0
384 5 0.43359 0
385 13 0.42578 0
386 12 0.41016 0
387 14 0.38672 0
388 58 0.42969 0
389 3 0.40625 0
390 4 0.41797 0
391 91 0.37109 0
392 91 0.37891 0
393 84 0.39844 0
394 89 0.40625 0
395 91 0.40234 0
396 90 0.40625 0
397 91 0.39453 0
398 90 0.37109 0
399 91 0.40234 0
400 91 0.41797 0
401 92 0.43750 0
402 92 0.39844 0
403 92 0.42578 0
404 92 0.39453 0
405 84 0.40234 0
406 99 0.42969 0
407 84 0.41797 0
408 84 0.41406 0
409 4 0.41016 0
410 88 0.39453 0
411 88 0.38281 0
412 88 0.37891 0
413 90 0.36328 0
414 90 0.39062 0
415 86 0.41016 0
416 84 0.39062 0
417 87 0.42188 0
418 109 0.40234 0
419 84 0.38281 0
420 111 0.37500 0
421 118 0.38672 0
422 118 0.36719 0
423 88 0.41016 0
424 86 0.43359 0
425 88 0.41406 0
426 84 0.39453 0
427 86 0.40625 0
428 90 0.38281 0
429 86 0.40625 0
430 86 0.37891 0
431 86 0.37891 0
432 87 0.39844 0
433 86 0.36328 0
434 87 0.37891 0
435 87 0.39062 0
436 86 0.38672 0
437 85 0.39453 0
438 86 0.37500 0
439 86 0.37891 0
440 86 0.38281 0
441 128 0.39062 0
442 128 0.40234 0
443 125 0.44531 0
444 125 0.37500 0
445 125 0.38672 0
446 125 0.39062 0
447 127 0.42188 0
448 127 0.41016 0
449 124 0.42578 0
450 125 0.45703 0
451 141 0.45312 0
452 126 0.42969 0
453 128 0.44531 0
454 138 0.44531 0
455 134 0.41016 0
456 123 0.42188 0
457 123 0.40234 0
458 123 0.41406 0
459 132 0.42969 0
460 138 0.38672 0
461 139 0.41797 0
462 140 0.43359 0
463 136 0.41406 0
464 144 0.41016 0
465 136 0.43359 0
466 136 0.42969 0
467 157 0.44141 0
468 129 0.40625 0
469 155 0.41016 0
470 155 0.39453 0
471 167 0.36719 0
472 167 0.36328 0
473 142 0.38672 0
474 143 0.37500 0
475 142 0.36328 0
476 140 0.33594 0
477 166 0.37109 0
478 140 0.38672 0
479 167 0.38672 0
480 168 0.39062 0
481 158 0.39062 0
482 169 0.35156 0
483 163 0.35547 0
484 156 0.35156 0
485 142 0.36719 0
486 144 0.37891 0
487 145 0.33984 0
488 145 0.36719 0
489 132 0.37891 0
490 141 0.34766 0
491 141 0.37500 0
492 90 0.40234 0
493 122 0.40625 0
494 121 0.36719 0
495 122 0.37891 0
496 86 0.40234 0
497 122 0.36719 0
498 122 0.36328 0
499 86 0.37500 0
500 125 0.37109 0
501 87 0.39453 0
502 87 0.40625 0
503 129 0.41016 0
504 95 0.41797 0
505 135 0.39062 0
506 120 0.34766 0
507 130 0.38672 0
508 130 0.39062 0
509 133 0.39062 0
510 131 0.38672 0
511 131 0.41797 0
512 90 0.38281 0
513 128 0.40234 0
514 125 0.42188 0
515 202 0.40234 0
516 143 0.40234 0
517 143 0.41016 0
518 143 0.41406 0
519 146 0.40625 0
520 199 0.41016 0
521 138 0.40234 0
522 140 0.39844 0
523 169 0.39062 0
524 169 0.37500 0
525 169 0.39453 0
526 170 0.41016 0
527 172 0.43359 0
528 144 0.42578 0
529 142 0.42188 0
530 140 0.42188 0
531 141 0.45312 0
532 144 0.40234 0
533 143 0.40234 0
534 144 0.39844 0
535 146 0.39844 0
536 167 0.41797 0
537 169 0.41016 0
538 149 0.46875 0
539 162 0.46875 0
540 163 0.44531 0
541 163 0.42188 0
542 171 0.44531 0
543 155 0.43750 0
544 171 0.46094 0
545 170 0.42578 0
546 170 0.41797 0
547 170 0.42969 0
548 158 0.43750 0
549 160 0.43359 0
550 160 0.42969 0
551 242 0.45312 0
552 243 0.37891 0
553 166 0.41016 0
554 241 0.39453 0
555 241 0.37500 0
556 244 0.38672 0
557 171 0.40625 0
558 242 0.40234 0
559 242 0.37109 0
560 251 0.39844 0
561 251 0.41016 0
562 259 0.39453 0
563 259 0.40234 0
564 164 0.37109 0
565 166 0.40625 0
566 257 0.40625 0
567 258 0.38672 0
568 258 0.38672 0
569 258 0.39062 0
570 258 0.40234 0
571 271 0.36719 0
572 271 0.36719 0
573 270 0.31641 0
574 270 0.33984 0
575 270 0.34766 0
576 271 0.37891 0
577 166 0.37109 0
578 167 0.37891 0
579 166 0.38281 0
580 254 0.40625 0
581 271 0.41406 0
582 271 0.42578 0
583 256 0.39453 0
584 257 0.41016 0
585 262 0.44922 0
586 278 0.43359 0
587 169 0.36328 0
588 264 0.39453 0
589 169 0.30469 0
590 172 0.35547 0
591 262 0.40625 0
592 272 0.39844 0
593 282 0.40625 0
594 283 0.39453 0
595 273 0.40234 0
596 262 0.38281 0
597 261 0.41406 0
598 262 0.39844 0
599 259 0.42188 0
600 261 0.42578 0
601 260 0.41797 0
602 281 0.40234 0
603 275 0.43359 0
604 168 0.37500 0
605 167 0.39062 0
606 167 0.43359 0
607 284 0.40625 0
608 283 0.39844 0
609 284 0.37891 0
610 166 0.39453 0
611 281 0.40234 0
612 168 0.33594 0
613 292 0.37891 0
614 169 0.37891 0
615 288 0.37891 0
616 165 0.39453 0
617 166 0.37891 0
618 164 0.36328 0
619 164 0.40234 0
620 169 0.39062 0
621 292 0.35547 0
622 292 0.38672 0
623 290 0.35547 0
624 288 0.34375 0
625 288 0.32812 0
626 287 0.37500 0
627 288 0.38672 0
628 287 0.39453 0
629 164 0.38672 0
630 163 0.35156 0
631 170 0.36328 0
632 160 0.33984 0
633 160 0.33594 0
634 160 0.33203 0
635 166 0.32031 0
636 160 0.33203 0
637 142 0.34766 0
638 141 0.35547 0
639 153 0.37500 0
640 164 0.39062 0
641 166 0.39844 0
642 207 0.41797 0
643 166 0.37891 0
644 153 0.38281 0
645 169 0.37500 0
646 168 0.36719 0
647 170 0.37500 0
648 170 0.39844 0
649 170 0.37500 0
650 141 0.38672 0
651 141 0.35547 0
652 140 0.37500 0
653 141 0.36719 0
654 311 0.43359 0
655 144 0.36719 0
656 331 0.41406 0
657 329 0.37500 0
658 332 0.40234 0
659 331 0.37109 0
660 305 0.41406 0
661 280 0.42578 0
662 280 0.41797 0
663 253 0.41016 0
664 280 0.42578 0
665 273 0.41797 0
666 252 0.45703 0
667 253 0.40625 0
668 255 0.42188 0
669 261 0.40625 0
670 259 0.41406 0
671 284 0.39844 0
672 288 0.39062 0
673 287 0.37891 0
674 287 0.41016 0
675 291 0.42578 0
676 292 0.40625 0
677 292 0.36328 0
678 274 0.39453 0
679 268 0.38672 0
680 261 0.38281 0
681 261 0.36328 0
682 272 0.41016 0
683 255 0.40234 0
684 256 0.39062 0
685 294 0.37891 0
686 294 0.38672 0
687 246 0.37500 0
688 249 0.33203 0
689 250 0.34766 0
690 251 0.39062 0
691 255 0.35938 0
692 263 0.36328 0
693 255 0.36719 0
694 266 0.37500 0
695 266 0.38672 0
696 251 0.35156 0
697 256 0.36328 0
698 253 0.30469 0
699 253 0.32812 0
700 254 0.34766 0
701 250 0.32031 0
702 251 0.33203 0
703 251 0.30469 0
704 262 0.33984 0
705 262 0.33984 0
706 254 0.32422 0
707 255 0.31641 0
708 250 0.36328 0
709 259 0.39062 0
710 256 0.37891 0
711 250 0.37500 0
712 257 0.39062 0
713 270 0.37109 0
714 262 0.35938 0
715 274 0.37891 0
716 275 0.35547 0
717 275 0.38672 0
718 275 0.39062 0
719 271 0.40234 0
720 271 0.41406 0
721 271 0.39453 0
722 273 0.42188 0
723 274 0.39062 0
724 270 0.39453 0
725 272 0.38672 0
726 276 0.38672 0
727 292 0.38672 0
728 262 0.37500 0
729 282 0.35938 0
730 282 0.33594 0
731 282 0.33984 0
732 282 0.32422 0
733 283 0.37109 0
734 283 0.39453 0
735 160 0.39453 0
736 283 0.38281 0
737 281 0.37500 0
738 169 0.32422 0
739 285 0.39062 0
740 293 0.37891 0
741 285 0.39453 0
742 274 0.41797 0
743 283 0.40625 0
744 289 0.38672 0
745 275 0.40625 0
746 297 0.39453 0
747 275 0.37500 0
748 275 0.37891 0
749 271 0.36328 0
750 270 0.35547 0
751 269 0.37891 0
752 267 0.39062 0
753 290 0.39062 0
754 291 0.36719 0
755 295 0.34766 0
756 291 0.33594 0
757 295 0.34375 0
758 288 0.37109 0
759 293 0.37109 0
760 274 0.37891 0
761 289 0.41016 0
762 289 0.39062 0
763 281 0.38281 0
764 290 0.39844 0
765 287 0.39844 0
766 289 0.41797 0
767 287 0.38281 0
768 276 0.40234 0
769 261 0.41016 0
770 274 0.39062 0
771 274 0.43359 0
772 265 0.40625 0
773 262 0.40625 0
774 249 0.36328 0
775 249 0.36328 0
776 247 0.32812 0
777 261 0.31641 0
778 247 0.32812 0
779 259 0.32031 0
780 252 0.30469 0
781 258 0.30078 0
782 258 0.30469 0
783 260 0.32031 0
784 249 0.31641 0
785 253 0.32422 0
786 246 0.31641 0
787 250 0.33984 0
788 250 0.35156 0
789 250 0.38281 0
790 250 0.33984 0
791 250 0.36719 0
792 250 0.36719 0
793 275 0.36719 0
794 262 0.35156 0
795 261 0.32031 0
796 273 0.37891 0
797 290 0.35938 0
798 290 0.36719 0
799 293 0.38672 0
800 292 0.35938 0
801 293 0.32812 0
802 270 0.37891 0
803 271 0.34375 0
804 271 0.37891 0
805 290 0.38672 0
806 273 0.36328 0
807 271 0.36328 0
808 258 0.39844 0
809 251 0.38281 0
810 296 0.36328 0
811 251 0.39062 0
812 296 0.35938 0
813 254 0.42188 0
814 258 0.41406 0
815 257 0.41016 0
816 270 0.39844 0
817 257 0.38281 0
818 276 0.39844 0
819 273 0.39453 0
820 273 0.39453 0
821 278 0.39453 0
822 294 0.38281 0
823 287 0.41797 0
824 267 0.40625 0
825 267 0.39062 0
826 267 0.40234 0
827 267 0.39844 0
828 281 0.37109 0
829 283 0.38281 0
830 283 0.34766 0
831 283 0.38281 0
832 282 0.41016 0
833 161 0.35547 0
834 261 0.34766 0
835 260 0.39844 0
836 259 0.39062 0
837 261 0.38672 0
838 283 0.35938 0
839 272 0.36719 0
840 272 0.39453 0
841 535 0.33203 0
842 533 0.34766 0
843 532 0.35547 0
844 530 0.37500 0
845 525 0.38672 0
846 527 0.39844 0
847 281 0.40234 0
848 283 0.40625 0
849 290 0.37500 0
850 285 0.34375 0
851 283 0.34375 0
852 283 0.28906 0
853 282 0.33984 0
854 267 0.38281 0
855 275 0.38281 0
856 275 0.39844 0
857 267 0.42578 0
858 280 0.41406 0
859 280 0.41406 0
860 278 0.39844 0
861 279 0.41016 0
862 282 0.42578 0
863 531 0.45312 0
864 531 0.44922 0
865 282 0.42188 0
866 284 0.41797 0
867 258 0.40234 0
868 257 0.34766 0
869 256 0.35938 0
870 257 0.36328 0
871 257 0.39062 0
872 254 0.41016 0
873 538 0.39453 0
874 253 0.39453 0
875 541 0.40234 0
876 541 0.35938 0
877 541 0.38672 0
878 275 0.35156 0
879 565 0.39453 0
880 567 0.39844 0
881 267 0.36719 0
882 528 0.39062 0
883 546 0.36328 0
884 529 0.33984 0
885 530 0.34375 0
886 522 0.33203 0
887 530 0.37109 0
888 523 0.34766 0
889 529 0.35938 0
890 531 0.34375 0
891 532 0.36328 0
892 268 0.35938 0
893 267 0.34766 0
894 257 0.31250 0
895 266 0.35547 0
896 522 0.36328 0
897 524 0.37109 0
898 287 0.36719 0
899 524 0.33594 0
900 524 0.33984 0
901 290 0.37891 0
902 281 0.34375 0
903 290 0.35938 0
904 289 0.35156 0
905 425 0.40625 0
906 421 0.41406 0
907 383 0.35938 0
908 383 0.42578 0
909 429 0.41016 0
910 149 0.40234 0
911 608 0.34375 0
912 607 0.35547 0
913 608 0.38672 0
914 155 0.39062 0
915 150 0.39453 0
916 155 0.41016 0
917 152 0.39453 0
918 155 0.40625 0
919 611 0.41016 0
920 384 0.39062 0
921 155 0.38672 0
922 377 0.42578 0
923 135 0.43359 0
924 382 0.41406 0
925 464 0.40625 0
926 312 0.39453 0
927 454 0.40234 0
928 441 0.37109 0
929 443 0.36719 0
930 438 0.36719 0
931 443 0.35938 0
932 241 0.37891 0
933 241 0.39062 0
934 561 0.34375 0
935 561 0.34766 0
936 239 0.39062 0
937 435 0.35938 0
938 435 0.37109 0
939 546 0.38281 0
940 546 0.40625 0
941 552 0.36719 0
942 558 0.44531 0
943 546 0.44141 0
944 308 0.41797 0
945 270 0.33984 0
946 271 0.35938 0
947 276 0.34766 0
948 277 0.36719 0
949 273 0.37109 0
950 277 0.37109 0
951 623 0.38281 0
952 592 0.39453 0
953 422 0.38281 0
954 422 0.39453 0
955 621 0.40234 0
956 291 0.41797 0
957 622 0.41016 0
958 621 0.41016 0
959 577 0.41016 0
960 621 0.41016 0
961 257 0.36328 0
962 259 0.33203 0
963 260 0.33594 0
964 264 0.35547 0
965 261 0.32031 0
966 259 0.32422 0
967 265 0.30078 0
968 266 0.33203 0
969 265 0.34375 0
970 264 0.30078 0
971 259 0.32422 0
972 265 0.33203 0
973 259 0.25391 0
974 259 0.30859 0
975 252 0.26562 0
976 252 0.25000 0
977 272 0.30078 0
978 262 0.28125 0
979 263 0.27344 0
980 263 0.25000 0
981 262 0.23828 0
982 254 0.25781 0
983 258 0.26953 0
984 251 0.24609 0
985 253 0.26562 0
986 253 0.25000 0
987 253 0.27344 0
988 250 0.27734 0
989 249 0.29688 0
990 255 0.27734 0
991 253 0.27344 0
992 250 0.27344 0
993 253 0.24219 0
994 253 0.23828 0
995 254 0.26953 0
996 253 0.24219 0
997 254 0.25781 0
998 252 0.28516 0
999 249 0.25781 0
1000 249 0.27734 0
1001 252 0.28125 0
1002 246 0.30859 0
1003 265 0.31250 0
1004 265 0.30078 0
1005 267 0.30859 0
1006 265 0.30469 0
1007 266 0.28906 0
1008 265 0.29297 0
1009 266 0.30078 0
1010 264 0.31250 0
1011 264 0.30078 0
1012 265 0.32812 0
1013 265 0.33203 0
1014 271 0.33594 0
1015 268 0.32422 0
1016 265 0.31641 0
1017 265 0.34375 0
1018 270 0.32031 0
1019 270 0.32812 0
1020 285 0.33984 0
1021 287 0.36719 0
1022 623 0.38672 0
1023 622 0.38281 0
1024 619 0.37500 0
1025 622 0.37109 0
1026 622 0.33594 0
1027 620 0.28906 0
1028 620 0.32031 0
1029 620 0.33203 0
1030 644 0.35156 0
1031 619 0.37500 0
1032 640 0.34766 0
1033 619 0.37500 0
1034 640 0.36719 0
1035 642 0.37891 0
1036 166 0.39844 0
1037 445 0.39844 0
1038 648 0.40234 0
1039 643 0.39453 0
1040 147 0.40234 0
1041 164 0.39062 0
1042 164 0.36719 0
1043 141 0.41406 0
1044 375 0.40625 0
1045 375 0.39453 0
1046 489 0.38672 0
1047 375 0.39453 0
1048 375 0.38281 0
1049 625 0.37500 0
1050 625 0.36719 0
1051 552 0.35938 0
1052 554 0.35156 0
1053 556 0.34375 0
1054 721 0.33594 0
1055 721 0.33594 0
1056 559 0.34766 0
1057 559 0.34375 0
1058 559 0.35547 0
1059 559 0.34766 0
1060 718 0.34766 0
1061 717 0.29688 0
1062 717 0.34375 0
1063 715 0.35156 0
1064 715 0.38672 0
1065 717 0.37891 0
1066 556 0.33984 0
1067 557 0.34375 0
1068 713 0.33984 0
1069 714 0.36719 0
1070 557 0.36328 0
1071 716 0.39453 0
1072 536 0.38281 0
1073 562 0.37891 0
1074 562 0.35938 0
1075 709 0.36328 0
1076 709 0.36719 0
1077 251 0.35547 0
1078 701 0.37109 0
1079 255 0.36328 0
1080 255 0.34766 0
1081 255 0.32812 0
1082 254 0.34766 0
1083 254 0.33594 0
1084 258 0.34766 0
1085 257 0.32812 0
1086 257 0.33984 0
1087 257 0.30469 0
1088 257 0.30078 0
1089 257 0.30859 0
1090 259 0.31641 0
1091 259 0.32031 0
1092 259 0.32031 0
1093 259 0.31641 0
1094 259 0.33594 0
1095 276 0.34766 0
1096 261 0.34375 0
1097 261 0.35156 0
1098 262 0.35156 0
1099 265 0.30078 0
1100 265 0.31250 0
1101 264 0.30469 0
1102 265 0.33203 0
1103 267 0.32031 0
1104 264 0.33984 0
1105 259 0.32031 0
1106 259 0.33594 0
1107 268 0.34375 0
1108 267 0.35938 0
1109 271 0.38281 0
1110 260 0.37109 0
1111 271 0.33984 0
1112 700 0.36328 0
1113 700 0.34766 0
1114 258 0.35938 0
1115 700 0.36719 0
1116 807 0.33203 0
1117 807 0.32031 0
1118 808 0.33984 0
1119 700 0.37109 0
1120 790 0.35156 0
1121 265 0.33984 0
1122 679 0.34375 0
1123 723 0.35547 0
1124 723 0.33203 0
1125 816 0.33203 0
1126 816 0.33594 0
1127 679 0.39062 0
1128 699 0.37500 0
1129 699 0.38672 0
1130 699 0.38281 0
1131 700 0.34375 0
1132 680 0.37109 0
1133 701 0.35156 0
1134 700 0.35547 0
1135 680 0.35938 0
1136 720 0.36328 0
1137 721 0.32031 0
1138 721 0.32031 0
1139 719 0.33984 0
1140 719 0.33984 0
1141 680 0.35547 0
1142 680 0.33594 0
1143 680 0.34766 0
1144 680 0.33203 0
1145 723 0.35547 0
1146 679 0.34375 0
1147 795 0.37109 0
1148 723 0.37500 0
1149 794 0.40234 0
1150 795 0.35547 0
1151 846 0.33984 0
1152 796 0.35156 0
1153 816 0.34766 0
1154 699 0.35938 0
1155 697 0.37891 0
1156 844 0.35547 0
1157 846 0.35938 0
1158 846 0.36719 0
1159 840 0.33984 0
1160 840 0.31641 0
1161 815 0.34766 0
1162 840 0.32422 0
1163 840 0.32422 0
1164 840 0.29688 0
1165 840 0.33203 0
1166 840 0.34766 0
1167 668 0.34766 0
1168 668 0.34375 0
1169 634 0.33203 0
1170 632 0.35938 0
1171 635 0.33203 0
1172 632 0.32812 0
1173 621 0.32812 0
1174 621 0.32031 0
1175 621 0.26172 0
1176 621 0.30078 0
1177 622 0.31641 0
1178 624 0.33594 0
1179 623 0.34375 0
1180 625 0.34375 0
1181 623 0.33594 0
1182 625 0.32031 0
1183 625 0.35156 0
1184 627 0.35547 0
1185 723 0.35156 0
1186 721 0.37109 0
1187 721 0.35938 0
1188 712 0.34375 0
1189 711 0.34766 0
1190 761 0.37891 0
1191 524 0.38672 0
1192 454 0.37109 0
1193 451 0.41016 0
1194 883 0.38281 0
1195 883 0.37891 0
1196 449 0.38672 0
1197 883 0.39453 0
1198 445 0.40234 0
1199 447 0.38672 0
1200 446 0.36719 0
1201 447 0.35938 0
1202 445 0.37109 0
1203 445 0.37891 0
1204 484 0.37891 0
1205 307 0.39453 0
1206 309 0.38672 0
1207 626 0.38281 0
1208 626 0.38281 0
1209 625 0.39453 0
1210 648 0.36719 0
1211 447 0.39844 0
1212 447 0.39453 0
1213 650 0.35938 0
1214 650 0.37891 0
1215 445 0.39062 0
1216 329 0.34766 0
1217 330 0.36328 0
1218 330 0.37891 0
1219 329 0.36719 0
1220 432 0.42188 0
1221 309 0.38672 0
1222 379 0.39453 0
1223 658 0.33984 0
1224 658 0.35547 0
1225 658 0.37500 0
1226 661 0.37500 0
1227 661 0.33984 0
1228 661 0.38672 0
1229 663 0.36719 0
1230 664 0.36719 0
1231 860 0.35156 0
1232 666 0.35938 0
1233 667 0.35547 0
1234 863 0.34375 0
1235 864 0.34375 0
1236 668 0.31250 0
1237 670 0.33594 0
1238 669 0.36719 0
1239 565 0.35547 0
1240 672 0.32031 0
1241 570 0.33203 0
1242 858 0.35938 0
1243 572 0.33594 0
1244 592 0.32422 0
1245 573 0.36719 0
1246 834 0.37891 0
1247 590 0.37891 0
1248 594 0.31641 0
1249 594 0.33984 0
1250 863 0.38672 0
1251 847 0.38281 0
1252 627 0.38281 0
1253 801 0.37500 0
1254 848 0.37500 0
1255 595 0.37891 0
1256 281 0.39453 0
1257 275 0.33984 0
1258 821 0.35547 0
1259 622 0.37891 0
1260 821 0.29688 0
1261 622 0.32812 0
1262 834 0.39062 0
1263 622 0.35156 0
1264 666 0.37109 0
1265 792 0.34375 0
1266 256 0.39453 0
1267 816 0.35156 0
1268 817 0.35938 0
1269 254 0.37109 0
1270 251 0.39453 0
1271 839 0.42969 0
1272 787 0.35547 0
1273 839 0.39062 0
1274 839 0.42969 0
1275 877 0.38672 0
1276 700 0.37891 0
1277 451 0.41797 0
1278 766 0.43750 0
1279 767 0.39453 0
1280 767 0.42188 0
1281 452 0.41016 0
1282 452 0.39453 0
1283 237 0.37891 0
1284 237 0.35938 0
1285 238 0.39844 0
1286 236 0.39062 0
1287 236 0.39453 0
1288 127 0.38672 0
1289 232 0.36719 0
1290 125 0.34375 0
1291 124 0.35156 0
1292 125 0.35938 0
1293 230 0.37891 0
1294 231 0.36328 0
1295 226 0.38281 0
1296 231 0.37500 0
1297 226 0.35938 0
1298 230 0.35156 0
1299 227 0.33594 0
1300 228 0.35547 0
1301 222 0.35547 0
1302 225 0.39062 0
1303 223 0.39844 0
1304 224 0.39453 0
1305 223 0.37891 0
1306 223 0.39844 0
1307 222 0.40625 0
1308 10 0.38281 0
1309 223 0.40234 0
1310 219 0.41016 0
1311 223 0.36719 0
1312 223 0.37500 0
1313 229 0.38672 0
1314 220 0.41016 0
1315 222 0.41406 0
1316 229 0.40234 0
1317 232 0.37109 0
1318 232 0.39062 0
1319 232 0.37500 0
1320 124 0.37500 0
1321 234 0.38672 0
1322 234 0.34766 0
1323 234 0.37891 0
1324 234 0.39844 0
1325 235 0.38281 0
1326 448 0.37500 0
1327 447 0.37891 0
1328 237 0.39062 0
1329 447 0.35547 0
1330 237 0.37500 0
1331 464 0.37891 0
1332 464 0.37500 0
1333 453 0.36719 0
1334 455 0.33203 0
1335 454 0.36719 0
1336 451 0.37891 0
1337 450 0.36719 0
1338 455 0.35547 0
1339 449 0.40625 0
1340 449 0.35547 0
1341 450 0.37500 0
1342 464 0.43750 0
1343 453 0.39062 0
1344 444 0.40625 0
1345 449 0.38281 0
1346 444 0.38672 0
1347 450 0.37891 0
1348 439 0.37109 0
1349 670 0.39062 0
1350 518 0.37891 0
1351 899 0.36328 0
1352 434 0.36328 0
1353 900 0.33984 0
1354 900 0.33594 0
1355 902 0.35547 0
1356 609 0.34375 0
1357 900 0.36328 0
1358 607 0.34766 0
1359 607 0.33984 0
1360 607 0.32422 0
1361 614 0.36328 0
1362 609 0.36328 0
1363 910 0.36719 0
1364 610 0.35156 0
1365 610 0.37891 0
1366 912 0.38672 0
1367 633 0.37500 0
1368 633 0.37500 0
1369 911 0.38281 0
1370 598 0.40234 0
1371 607 0.39453 0
1372 739 0.36719 0
1373 604 0.37109 0
1374 160 0.40234 0
1375 160 0.41406 0
1376 593 0.39062 0
1377 949 0.35547 0
1378 949 0.35938 0
1379 309 0.35938 0
1380 951 0.36719 0
1381 952 0.35938 0
1382 954 0.38281 0
1383 955 0.35156 0
1384 955 0.36328 0
1385 948 0.35547 0
1386 949 0.40234 0
1387 282 0.41406 0
1388 846 0.39453 0
1389 282 0.36719 0
1390 1016 0.37500 0
1391 712 0.38672 0
1392 712 0.33203 0
1393 711 0.34375 0
1394 711 0.34766 0
1395 557 0.34766 0
1396 557 0.31641 0
1397 554 0.34766 0
1398 714 0.33594 0
1399 553 0.31250 0
1400 553 0.32812 0
1401 551 0.34766 0
1402 549 0.35547 0
1403 549 0.33594 0
1404 546 0.33594 0
1405 547 0.28516 0
1406 547 0.30469 0
1407 549 0.29297 0
1408 786 0.33203 0
1409 546 0.34375 0
1410 544 0.34766 0
1411 544 0.32422 0
1412 542 0.34375 0
1413 540 0.35547 0
1414 995 0.36328 0
1415 258 0.36719 0
1416 548 0.32031 0
1417 540 0.34375 0
1418 546 0.35938 0
1419 544 0.36328 0
1420 546 0.34766 0
1421 546 0.34375 0
1422 257 0.34766 0
1423 553 0.35547 0
1424 256 0.38281 0
1425 1070 0.42188 0
1426 262 0.37500 0
1427 546 0.39062 0
1428 546 0.37891 0
1429 547 0.35547 0
1430 260 0.36328 0
1431 547 0.33984 0
1432 547 0.33984 0
1433 546 0.32812 0
1434 547 0.30859 0
1435 549 0.34375 0
1436 546 0.37109 0
1437 549 0.33594 0
1438 559 0.33594 0
1439 546 0.32812 0
1440 553 0.33984 0
1441 553 0.32031 0
1442 556 0.34766 0
1443 553 0.32422 0
1444 551 0.32422 0
1445 551 0.31250 0
1446 548 0.31641 0
1447 547 0.30078 0
1448 547 0.29688 0
1449 544 0.30469 0
1450 558 0.32422 0
1451 544 0.27344 0
1452 544 0.30078 0
1453 541 0.30469 0
1454 541 0.31250 0
1455 545 0.31641 0
1456 537 0.32031 0
1457 537 0.30859 0
1458 547 0.33203 0
1459 547 0.34375 0
1460 1121 0.36719 0
1461 818 0.32812 0
1462 818 0.35156 0
1463 818 0.36328 0
1464 818 0.36719 0
1465 546 0.37109 0
1466 540 0.34766 0
1467 1154 0.35547 0
1468 1152 0.35938 0
1469 542 0.37500 0
1470 545 0.38281 0
1471 545 0.36328 0
1472 547 0.35156 0
1473 545 0.34375 0
1474 545 0.35547 0
1475 546 0.33203 0
1476 545 0.33594 0
1477 545 0.31250 0
1478 543 0.33984 0
1479 1110 0.33594 0
1480 554 0.31641 0
1481 540 0.31641 0
1482 787 0.33984 0
1483 786 0.31250 0
1484 786 0.33984 0
1485 549 0.34766 0
1486 549 0.32812 0
1487 792 0.32422 0
1488 791 0.31641 0
1489 789 0.31250 0
1490 789 0.31250 0
1491 1090 0.33594 0
1492 701 0.33203 0
1493 1116 0.35156 0
1494 1090 0.35938 0
1495 966 0.30859 0
1496 966 0.33594 0
1497 966 0.31250 0
1498 966 0.32812 0
1499 800 0.31641 0
1500 255 0.32422 0
1501 797 0.33594 0
1502 965 0.29297 0
1503 267 0.32031 0
1504 962 0.33203 0
1505 267 0.37500 0
1506 723 0.36719 0
1507 264 0.34766 0
1508 794 0.29297 0
1509 794 0.28516 0
1510 794 0.31250 0
1511 265 0.33594 0
1512 789 0.33203 0
1513 789 0.30469 0
1514 1008 0.30078 0
1515 269 0.37500 0
1516 271 0.38281 0
1517 275 0.37109 0
1518 721 0.37109 0
1519 982 0.31250 0
1520 1067 0.39453 0
1521 701 0.33594 0
1522 702 0.32422 0
1523 1115 0.32812 0
1524 967 0.30078 0
1525 967 0.30078 0
1526 796 0.32422 0
1527 1108 0.27734 0
1528 1091 0.33594 0
1529 1091 0.34375 0
1530 1087 0.31250 0
1531 1089 0.30469 0
1532 1089 0.32031 0
1533 1089 0.30859 0
1534 256 0.32031 0
1535 256 0.33203 0
1536 1095 0.31250 0
1537 1097 0.30469 0
1538 1097 0.33203 0
1539 793 0.35156 0
1540 267 0.37109 0
1541 274 0.37891 0
1542 271 0.33984 0
1543 785 0.34766 0
1544 261 0.32422 0
1545 978 0.32031 0
1546 978 0.31641 0
1547 978 0.33594 0
1548 1088 0.32812 0
1549 268 0.33594 0
1550 256 0.37891 0
1551 270 0.33984 0
1552 1012 0.29297 0
1553 1014 0.30078 0
1554 1020 0.30859 0
1555 1020 0.33594 0
1556 1019 0.30859 0
1557 1177 0.39062 0
1558 958 0.32031 0
1559 1174 0.37891 0
1560 1174 0.36328 0
1561 836 0.41016 0
1562 957 0.26562 0
1563 590 0.37891 0
1564 725 0.37109 0
1565 833 0.35547 0
1566 734 0.37109 0
1567 734 0.38672 0
1568 288 0.33594 0
1569 288 0.33203 0
1570 568 0.36719 0
1571 578 0.33984 0
1572 578 0.32422 0
1573 583 0.33594 0
1574 798 0.33594 0
1575 583 0.33594 0
1576 829 0.32031 0
1577 800 0.31250 0
1578 798 0.35547 0
1579 798 0.33203 0
1580 829 0.33594 0
1581 828 0.34375 0
1582 828 0.34375 0
1583 832 0.32812 0
1584 834 0.30078 0
1585 832 0.35547 0
1586 832 0.32422 0
1587 833 0.35156 0
1588 574 0.35938 0
1589 574 0.33984 0
1590 761 0.37109 0
1591 1235 0.39453 0
1592 736 0.36719 0
1593 900 0.37109 0
1594 847 0.36719 0
1595 847 0.35156 0
1596 623 0.36719 0
1597 760 0.38672 0
1598 764 0.39453 0
1599 760 0.39062 0
1600 760 0.35547 0
1601 619 0.36328 0
1602 607 0.33594 0
1603 606 0.32422 0
1604 1243 0.36719 0
1605 832 0.32812 0
1606 832 0.32031 0
1607 604 0.33594 0
1608 833 0.34766 0
1609 837 0.35547 0
1610 838 0.34766 0
1611 665 0.33203 0
1612 665 0.28906 0
1613 840 0.29297 0
1614 838 0.28906 0
1615 838 0.32031 0
1616 838 0.31641 0
1617 564 0.31641 0
1618 563 0.32422 0
1619 843 0.29297 0
1620 843 0.29688 0
1621 840 0.35156 0
1622 1018 0.35547 0
1623 1017 0.35547 0
1624 595 0.30859 0
1625 1013 0.35156 0
1626 1012 0.30078 0
1627 593 0.35156 0
1628 602 0.32422 0
1629 590 0.33203 0
1630 760 0.33594 0
1631 760 0.34766 0
1632 840 0.33203 0
1633 960 0.31641 0
1634 595 0.32031 0
1635 835 0.33984 0
1636 563 0.37500 0
1637 1173 0.34766 0
1638 838 0.37891 0
1639 961 0.29688 0
1640 963 0.30859 0
1641 963 0.30078 0
1642 594 0.33594 0
1643 796 0.35156 0
1644 816 0.33984 0
1645 865 0.37109 0
1646 864 0.40625 0
1647 862 0.37500 0
1648 738 0.36719 0
1649 577 0.33594 0
1650 569 0.32031 0
1651 578 0.34766 0
1652 579 0.32812 0
1653 899 0.35547 0
1654 287 0.40234 0
1655 565 0.34766 0
1656 667 0.32422 0
1657 666 0.37891 0
1658 565 0.36328 0
1659 564 0.34375 0
1660 564 0.33984 0
1661 564 0.32812 0
1662 564 0.33594 0
1663 566 0.36719 0
1664 595 0.36328 0
1665 594 0.36719 0
1666 594 0.38281 0
1667 1155 0.35156 0
1668 846 0.39453 0
1669 863 0.39453 0
1670 958 0.33594 0
1671 833 0.31641 0
1672 257 0.31641 0
1673 834 0.31641 0
1674 963 0.31250 0
1675 836 0.32031 0
1676 728 0.35547 0
1677 1248 0.37500 0
1678 838 0.34766 0
1679 972 0.36328 0
1680 838 0.37500 0
1681 1243 0.37891 0
1682 817 0.36328 0
1683 818 0.31641 0
1684 817 0.32422 0
1685 1247 0.37109 0
1686 1145 0.41797 0
1687 1093 0.40625 0
1688 547 0.38672 0
1689 556 0.39062 0
1690 715 0.33984 0
1691 716 0.37109 0
1692 549 0.38672 0
1693 549 0.37500 0
1694 551 0.36328 0
1695 1066 0.39062 0
1696 992 0.34375 0
1697 785 0.35547 0
1698 997 0.30859 0
1699 996 0.33203 0
1700 995 0.33203 0
1701 996 0.34766 0
1702 996 0.35547 0
1703 1003 0.32422 0
1704 1003 0.33203 0
1705 1004 0.30078 0
1706 1003 0.31250 0
1707 1008 0.30859 0
1708 1008 0.30469 0
1709 712 0.37891 0
1710 891 0.35156 0
1711 712 0.40625 0
1712 871 0.38281 0
1713 809 0.35156 0
1714 808 0.32812 0
1715 832 0.33203 0
1716 1264 0.39453 0
1717 833 0.30078 0
1718 833 0.33984 0
1719 835 0.33594 0
1720 835 0.32422 0
1721 762 0.33984 0
1722 840 0.35547 0
1723 840 0.32812 0
1724 1156 0.33984 0
1725 1156 0.32031 0
1726 843 0.32812 0
1727 558 0.36328 0
1728 1153 0.30078 0
1729 1389 0.38672 0
1730 555 0.37500 0
1731 552 0.38672 0
1732 1065 0.39062 0
1733 1064 0.35156 0
1734 1062 0.35547 0
1735 1063 0.32812 0
1736 1062 0.34766 0
1737 1401 0.33594 0
1738 782 0.34375 0
1739 782 0.33984 0
1740 1063 0.35156 0
1741 778 0.32422 0
1742 778 0.30469 0
1743 778 0.30469 0
1744 778 0.30078 0
1745 1408 0.30078 0
1746 778 0.30078 0
1747 778 0.29297 0
1748 780 0.33203 0
1749 783 0.30859 0
1750 776 0.33203 0
1751 776 0.32812 0
1752 776 0.31250 0
1753 1004 0.32812 0
1754 776 0.32031 0
1755 773 0.35156 0
1756 776 0.32422 0
1757 776 0.34766 0
1758 1013 0.31641 0
1759 1013 0.32812 0
1760 773 0.33984 0
1761 773 0.35938 0
1762 773 0.35547 0
1763 773 0.35938 0
1764 773 0.37109 0
1765 769 0.41797 0
1766 772 0.38281 0
1767 1148 0.41406 0
1768 1148 0.38672 0
1769 1146 0.41016 0
1770 1147 0.39453 0
1771 1147 0.41406 0
1772 1147 0.40234 0
1773 622 0.39062 0
1774 593 0.37109 0
1775 597 0.38281 0
1776 596 0.39844 0
1777 260 0.35938 0
1778 257 0.36328 0
1779 259 0.33594 0
1780 613 0.38672 0
1781 597 0.38672 0
1782 607 0.38281 0
1783 597 0.37891 0
1784 607 0.35938 0
1785 817 0.32812 0
1786 808 0.36719 0
1787 808 0.35938 0
1788 808 0.31641 0
1789 800 0.34375 0
1790 617 0.32812 0
1791 1168 0.30078 0
1792 1168 0.32812 0
1793 1168 0.31641 0
1794 1168 0.27734 0
1795 1169 0.26562 0
1796 1166 0.26953 0
1797 1168 0.25391 0
1798 761 0.31250 0
1799 761 0.35938 0
1800 758 0.34375 0
1801 757 0.33984 0
1802 1051 0.34375 0
1803 758 0.34375 0
1804 846 0.31250 0
1805 1052 0.31250 0
1806 1139 0.30859 0
1807 1139 0.32422 0
1808 1139 0.33984 0
1809 776 0.33594 0
1810 776 0.35938 0
1811 776 0.33594 0
1812 777 0.36719 0
1813 776 0.35938 0
1814 1132 0.36719 0
1815 1063 0.32812 0
1816 1064 0.32812 0
1817 1064 0.33984 0
1818 1135 0.32422 0
1819 1067 0.32031 0
1820 984 0.33203 0
1821 984 0.31250 0
1822 985 0.30469 0
1823 985 0.30078 0
1824 985 0.31641 0
1825 985 0.30469 0
1826 985 0.31250 0
1827 1071 0.30859 0
1828 777 0.32031 0
1829 785 0.31641 0
1830 786 0.31641 0
1831 782 0.33594 0
1832 776 0.32422 0
1833 776 0.32812 0
1834 999 0.33203 0
1835 778 0.30469 0
1836 778 0.31250 0
1837 777 0.29688 0
1838 776 0.25781 0
1839 776 0.25000 0
1840 776 0.23828 0
1841 776 0.27734 0
1842 779 0.31641 0
1843 780 0.30469 0
1844 780 0.30469 0
1845 780 0.30078 0
1846 778 0.28516 0
1847 777 0.27344 0
1848 776 0.30078 0
1849 776 0.25391 0
1850 776 0.30078 0
1851 983 0.29297 0
1852 776 0.30859 0
1853 985 0.27734 0
1854 985 0.28906 0
1855 987 0.27344 0
1856 785 0.30859 0
1857 777 0.29688 0
1858 990 0.25781 0
1859 778 0.27734 0
1860 778 0.28516 0
1861 784 0.28125 0
1862 782 0.27344 0
1863 783 0.28906 0
1864 780 0.32422 0
1865 776 0.32031 0
1866 780 0.25781 0
1867 776 0.27734 0
1868 1488 0.29297 0
1869 776 0.26953 0
1870 776 0.28516 0
1871 778 0.29297 0
1872 1408 0.31250 0
1873 784 0.33984 0
1874 785 0.30078 0
1875 783 0.26953 0
1876 783 0.28125 0
1877 1068 0.32812 0
1878 782 0.33984 0
1879 1069 0.31250 0
1880 1069 0.28906 0
1881 778 0.30469 0
1882 778 0.31641 0
1883 1067 0.32812 0
1884 776 0.34766 0
1885 782 0.32031 0
1886 1487 0.29297 0
1887 1489 0.30469 0
1888 779 0.29297 0
1889 779 0.29688 0
1890 776 0.28125 0
1891 785 0.25000 0
1892 786 0.23828 0
1893 782 0.27734 0
1894 782 0.26562 0
1895 781 0.22266 0
1896 781 0.21094 0
1897 781 0.24219 0
1898 781 0.26172 0
1899 779 0.25000 0
1900 778 0.26953 0
1901 776 0.26953 0
1902 776 0.23438 0
1903 776 0.27734 0
1904 784 0.27344 0
1905 784 0.30469 0
1906 778 0.33594 0
1907 780 0.30469 0
1908 780 0.31250 0
1909 1062 0.32812 0
1910 778 0.33594 0
1911 778 0.34375 0
1912 1063 0.34375 0
1913 1063 0.35938 0
1914 776 0.35938 0
1915 1062 0.33203 0
1916 1065 0.35938 0
1917 1065 0.32422 0
1918 1062 0.35156 0
1919 785 0.32812 0
1920 1063 0.35547 0
1921 784 0.32422 0
1922 776 0.33594 0
1923 778 0.32812 0
1924 778 0.30469 0
1925 778 0.32812 0
1926 1066 0.32812 0
1927 1066 0.31641 0
1928 1066 0.33984 0
1929 1065 0.31641 0
1930 1063 0.32812 0
1931 777 0.32422 0
1932 1063 0.30469 0
1933 1065 0.31641 0
1934 549 0.31641 0
1935 1065 0.32422 0
1936 776 0.32812 0
1937 1065 0.31250 0
1938 1063 0.33203 0
1939 1065 0.32031 0
1940 1064 0.32031 0
1941 778 0.32422 0
1942 778 0.29688 0
1943 778 0.31250 0
1944 778 0.30469 0
1945 785 0.30469 0
1946 785 0.30469 0
1947 778 0.32422 0
1948 778 0.32422 0
1949 778 0.33203 0
1950 782 0.31250 0
1951 779 0.31641 0
1952 778 0.28516 0
1953 778 0.29688 0
1954 778 0.28906 0
1955 778 0.28125 0
1956 776 0.30078 0
1957 776 0.30078 0
1958 776 0.29688 0
1959 1067 0.32422 0
1960 981 0.30078 0
1961 1069 0.34375 0
1962 1073 0.31250 0
1963 981 0.32422 0
1964 985 0.31250 0
1965 990 0.31250 0
1966 785 0.28125 0
1967 785 0.30078 0
1968 990 0.28906 0
1969 990 0.30078 0
1970 782 0.32031 0
1971 778 0.30859 0
1972 776 0.30859 0
1973 778 0.31641 0
1974 778 0.31641 0
1975 776 0.31250 0
1976 776 0.28906 0
1977 1003 0.30078 0
1978 1001 0.28516 0
1979 1004 0.30859 0
1980 776 0.28125 0
1981 1004 0.28125 0
1982 1004 0.23438 0
1983 1007 0.25391 0
1984 1008 0.21875 0
1985 1007 0.24219 0
1986 1008 0.22656 0
1987 1008 0.27734 0
1988 1011 0.27734 0
1989 1011 0.25781 0
1990 1013 0.25781 0
1991 1019 0.28125 0
1992 1015 0.25391 0
1993 1018 0.25781 0
1994 1021 0.23828 0
1995 1021 0.23047 0
1996 1021 0.20312 0
1997 1023 0.22656 0
1998 1025 0.22656 0
1999 1023 0.22266 0
2000 1025 0.24609 0
2001 1029 0.25391 0
2002 1029 0.24219 0
2003 1029 0.25391 0
2004 1031 0.27344 0
2005 1034 0.30469 0
2006 1034 0.31641 0
2007 1034 0.30078 0
2008 1034 0.32031 0
2009 1037 0.31250 0
2010 1030 0.25781 0
2011 1026 0.25000 0
2012 906 0.38281 0
2013 1026 0.28906 0
2014 1025 0.33203 0
2015 1026 0.31641 0
2016 898 0.28125 0
2017 897 0.30469 0
2018 897 0.31250 0
2019 897 0.33203 0
2020 897 0.28125 0
2021 893 0.26953 0
2022 892 0.31250 0
2023 892 0.28906 0
2024 1056 0.27734 0
2025 1056 0.30078 0
2026 1056 0.28125 0
2027 1057 0.31641 0
2028 1058 0.32031 0
2029 1058 0.33594 0
2030 1057 0.32812 0
2031 1058 0.30859 0
2032 1058 0.31641 0
2033 1066 0.33594 0
2034 1065 0.34375 0
2035 1691 0.33984 0
2036 1691 0.34375 0
2037 1691 0.33203 0
2038 561 0.35938 0
2039 561 0.36328 0
2040 561 0.35547 0
2041 1146 0.38672 0
2042 273 0.39453 0
2043 1148 0.37891 0
2044 1706 0.37109 0
2045 1154 0.38281 0
2046 892 0.34766 0
2047 892 0.35156 0
2048 1710 0.35938 0
2049 870 0.34766 0
2050 871 0.34375 0
2051 808 0.37500 0
2052 808 0.33203 0
2053 1466 0.35938 0
2054 1472 0.34375 0
2055 701 0.36328 0
2056 701 0.35547 0
2057 701 0.33594 0
2058 1126 0.36719 0
2059 796 0.34766 0
2060 800 0.35156 0
2061 885 0.34766 0
2062 811 0.34375 0
2063 808 0.36328 0
2064 808 0.32812 0
2065 749 0.36719 0
2066 796 0.27344 0
2067 684 0.37891 0
2068 723 0.40234 0
2069 1126 0.32422 0
2070 1138 0.39453 0
2071 844 0.38281 0
2072 276 0.38281 0
2073 758 0.35547 0
2074 1146 0.33594 0
2075 1147 0.33203 0
2076 1552 0.33203 0
2077 1152 0.31641 0
2078 763 0.35547 0
2079 1154 0.32031 0
2080 1154 0.34375 0
2081 281 0.33594 0
2082 280 0.35156 0
2083 1714 0.36719 0
2084 735 0.36328 0
2085 1156 0.36328 0
2086 797 0.33203 0
2087 826 0.35938 0
2088 861 0.33203 0
2089 731 0.33203 0
2090 727 0.31641 0
2091 796 0.27734 0
2092 1603 0.31250 0
2093 1603 0.29688 0
2094 1603 0.33594 0
2095 754 0.38281 0
2096 1507 0.34766 0
2097 805 0.36328 0
2098 799 0.33594 0
2099 803 0.33984 0
2100 798 0.32422 0
2101 761 0.37109 0
2102 800 0.35938 0
2103 796 0.34766 0
2104 808 0.34766 0
2105 1714 0.34375 0
2106 1532 0.31250 0
2107 1530 0.32031 0
2108 257 0.34375 0
2109 1526 0.30469 0
2110 1245 0.33203 0
2111 1778 0.34375 0
2112 1248 0.28125 0
2113 1249 0.26953 0
2114 1780 0.34766 0
2115 1534 0.30859 0
2116 898 0.35938 0
2117 1779 0.32812 0
2118 1622 0.33203 0
2119 1624 0.35156 0
2120 1549 0.33984 0
2121 1549 0.35547 0
2122 1549 0.33984 0
2123 1549 0.34375 0
2124 793 0.34375 0
2125 1550 0.32422 0
2126 1536 0.29688 0
2127 1511 0.33203 0
2128 1541 0.34375 0
2129 1541 0.33984 0
2130 1262 0.35156 0
2131 1526 0.35156 0
2132 1625 0.33594 0
2133 792 0.33984 0
2134 1641 0.26953 0
2135 252 0.33203 0
2136 1526 0.32812 0
2137 1709 0.33594 0
2138 1474 0.35156 0
2139 1493 0.30469 0
2140 1707 0.31250 0
2141 1707 0.33203 0
2142 808 0.33594 0
2143 1526 0.34375 0
2144 264 0.36719 0
2145 1714 0.32812 0
2146 1502 0.33203 0
2147 1502 0.32422 0
2148 1504 0.31250 0
2149 1503 0.34375 0
2150 1503 0.30859 0
2151 1503 0.34375 0
2152 596 0.35547 0
2153 595 0.33203 0
2154 1508 0.30469 0
2155 1248 0.32031 0
2156 1247 0.29297 0
2157 1559 0.35938 0
2158 1558 0.33203 0
2159 1777 0.35156 0
2160 1777 0.36328 0
2161 1559 0.35156 0
2162 1780 0.35547 0
2163 796 0.32422 0
2164 1630 0.35547 0
2165 1777 0.32422 0
2166 1777 0.34766 0
2167 963 0.31641 0
2168 1526 0.37109 0
2169 1526 0.36328 0
2170 1624 0.31641 0
2171 1535 0.35547 0
2172 1534 0.34375 0
2173 1541 0.29688 0
2174 794 0.31641 0
2175 1147 0.35547 0
2176 1526 0.34766 0
2177 537 0.41016 0
2178 1543 0.34766 0
2179 1521 0.32812 0
2180 1544 0.36328 0
2181 1476 0.37109 0
2182 1536 0.33984 0
2183 794 0.33594 0
2184 1619 0.33984 0
2185 1619 0.33203 0
2186 1619 0.30469 0
2187 1621 0.29297 0
2188 1622 0.30859 0
2189 1551 0.32812 0
2190 1549 0.31250 0
2191 1532 0.31641 0
2192 1533 0.32812 0
2193 602 0.33203 0
2194 602 0.32812 0
2195 1780 0.30078 0
2196 1783 0.30859 0
2197 1783 0.32031 0
2198 1783 0.32812 0
2199 1715 0.32812 0
2200 1782 0.31641 0
2201 966 0.32812 0
2202 1786 0.30469 0
2203 1525 0.30469 0
2204 1504 0.30078 0
2205 1527 0.30078 0
2206 1528 0.28516 0
2207 1527 0.27734 0
2208 1528 0.25391 0
2209 1001 0.29297 0
2210 265 0.30078 0
2211 265 0.26953 0
2212 267 0.30078 0
2213 251 0.26172 0
2214 269 0.28516 0
2215 1507 0.30078 0
2216 1508 0.29297 0
2217 1526 0.32031 0
2218 1536 0.27734 0
2219 1544 0.30469 0
2220 1544 0.32031 0
2221 1544 0.32812 0
2222 1560 0.30078 0
2223 1559 0.30859 0
2224 1549 0.29688 0
2225 1551 0.29297 0
2226 1624 0.31641 0
2227 1508 0.32031 0
2228 1625 0.28906 0
2229 1558 0.31250 0
2230 594 0.34375 0
2231 1558 0.28906 0
2232 1779 0.27344 0
2233 1558 0.31250 0
2234 1526 0.27344 0
2235 1551 0.32422 0
2236 1527 0.32812 0
2237 963 0.32812 0
2238 808 0.32031 0
2239 1525 0.32422 0
2240 1638 0.30078 0
2241 1526 0.32031 0
2242 1526 0.26953 0
2243 1509 0.36719 0
2244 1526 0.29297 0
2245 1555 0.29297 0
2246 1782 0.31250 0
2247 1782 0.33203 0
2248 1577 0.27344 0
2249 1577 0.28125 0
2250 1581 0.30078 0
2251 965 0.30859 0
2252 1574 0.30078 0
2253 1578 0.28516 0
2254 1564 0.30859 0
2255 1565 0.33594 0
2256 1567 0.35547 0
2257 1586 0.31641 0
2258 1566 0.32031 0
2259 590 0.36328 0
2260 1558 0.35938 0
2261 1588 0.30078 0
2262 1587 0.34766 0
2263 1782 0.29688 0
2264 1572 0.30469 0
2265 608 0.34766 0
2266 1566 0.32031 0
2267 1571 0.29297 0
2268 1573 0.29688 0
2269 1565 0.34766 0
2270 1574 0.33984 0
2271 1573 0.31250 0
2272 1577 0.25781 0
2273 586 0.35156 0
2274 1574 0.35156 0
2275 1584 0.34375 0
2276 1583 0.30078 0
2277 1580 0.32422 0
2278 622 0.29297 0
2279 621 0.32422 0
2280 1587 0.33984 0
2281 1584 0.34766 0
2282 1571 0.31250 0
2283 1571 0.30078 0
2284 1571 0.32031 0
2285 1580 0.34375 0
2286 1604 0.32031 0
2287 1571 0.33203 0
2288 1559 0.36719 0
2289 1558 0.31641 0
2290 1558 0.32812 0
2291 795 0.29297 0
2292 795 0.32812 0
2293 1507 0.31250 0
2294 1549 0.29688 0
2295 1525 0.31641 0
2296 1526 0.31641 0
2297 628 0.32812 0
2298 1780 0.35938 0
2299 1777 0.35938 0
2300 622 0.36328 0
2301 1630 0.33203 0
2302 589 0.32422 0
2303 602 0.34375 0
2304 588 0.33984 0
2305 589 0.33594 0
2306 588 0.36328 0
2307 160 0.35547 0
2308 588 0.33984 0
2309 1566 0.39453 0
2310 1566 0.36719 0
2311 1571 0.37891 0
2312 623 0.35156 0
2313 1373 0.37500 0
2314 604 0.36328 0
2315 621 0.30469 0
2316 1244 0.35547 0
2317 592 0.34766 0
2318 593 0.36328 0
2319 594 0.31641 0
2320 594 0.33594 0
2321 1249 0.33203 0
2322 1571 0.32031 0
2323 1573 0.33594 0
2324 1559 0.29688 0
2325 1560 0.32031 0
2326 1561 0.33203 0
2327 1562 0.34375 0
2328 1561 0.32422 0
2329 1564 0.33984 0
2330 618 0.38281 0
2331 621 0.38281 0
2332 1566 0.36719 0
2333 619 0.35547 0
2334 1566 0.33594 0
2335 739 0.36328 0
2336 740 0.33984 0
2337 740 0.33594 0
2338 738 0.32422 0
2339 1574 0.37109 0
2340 607 0.33984 0
2341 734 0.34375 0
2342 604 0.33984 0
2343 603 0.35156 0
2344 606 0.37500 0
2345 619 0.37500 0
2346 609 0.32812 0
2347 1651 0.37891 0
2348 1373 0.30469 0
2349 1373 0.33594 0
2350 1371 0.35938 0
2351 906 0.35938 0
2352 2016 0.36328 0
2353 1597 0.39844 0
2354 898 0.35156 0
2355 1776 0.37500 0
2356 1624 0.34766 0
2357 1621 0.30859 0
2358 1621 0.33984 0
2359 1622 0.33203 0
2360 1541 0.25000 0
2361 1619 0.33984 0
2362 628 0.35547 0
2363 1626 0.33594 0
2364 1549 0.35156 0
2365 1526 0.33203 0
2366 1549 0.29688 0
2367 1622 0.30859 0
2368 1777 0.30859 0
2369 1553 0.32812 0
2370 1509 0.32422 0
2371 1534 0.30078 0
2372 1534 0.30469 0
2373 1536 0.29688 0
2374 1536 0.27344 0
2375 1591 0.31641 0
2376 1559 0.30469 0
2377 838 0.30078 0
2378 1529 0.29688 0
2379 1525 0.30078 0
2380 1527 0.30469 0
2381 840 0.31641 0
2382 808 0.34766 0
2383 1152 0.33594 0
2384 796 0.26953 0
2385 796 0.26953 0
2386 796 0.28125 0
2387 796 0.31250 0
2388 1518 0.32031 0
2389 1642 0.33203 0
2390 1779 0.35547 0
2391 1508 0.33594 0
2392 1636 0.28906 0
2393 1636 0.26953 0
2394 1642 0.35156 0
2395 1789 0.33594 0
2396 1503 0.33594 0
2397 1503 0.33594 0
2398 1503 0.33594 0
2399 2054 0.35547 0
2400 1788 0.35156 0
2401 2057 0.33203 0
2402 1472 0.31250 0
2403 1474 0.32422 0
2404 1558 0.36328 0
2405 1715 0.31641 0
2406 1720 0.33984 0
2407 1587 0.35156 0
2408 1587 0.35156 0
2409 604 0.32422 0
2410 574 0.35938 0
2411 1721 0.33984 0
2412 1683 0.36719 0
2413 1683 0.39453 0
2414 1722 0.33203 0
2415 1474 0.34766 0
2416 2090 0.32812 0
2417 588 0.30859 0
2418 1247 0.30469 0
2419 603 0.33984 0
2420 603 0.33203 0
2421 588 0.36719 0
2422 1677 0.35156 0
2423 603 0.36328 0
2424 1630 0.36328 0
2425 603 0.35938 0
2426 1722 0.35547 0
2427 572 0.36719 0
2428 572 0.38672 0
2429 2114 0.35547 0
2430 1534 0.36328 0
2431 2113 0.37109 0
2432 1670 0.35547 0
2433 577 0.35547 0
2434 1433 0.34375 0
2435 1433 0.35547 0
2436 1433 0.35156 0
2437 1433 0.34766 0
2438 572 0.36719 0
2439 961 0.33984 0
2440 961 0.36719 0
2441 564 0.38281 0
2442 2092 0.39062 0
2443 588 0.39062 0
2444 567 0.35547 0
2445 567 0.37500 0
2446 568 0.35156 0
2447 283 0.40234 0
2448 2098 0.38672 0
2449 269 0.36719 0
2450 269 0.32422 0
2451 268 0.34766 0
2452 796 0.39844 0
2453 796 0.35547 0
2454 270 0.37500 0
2455 2136 0.37500 0
2456 794 0.40234 0
2457 1778 0.38281 0
2458 1772 0.37109 0
2459 2143 0.37109 0
2460 2135 0.39844 0
2461 2135 0.39062 0
2462 1782 0.37500 0
2463 1713 0.37891 0
2464 2142 0.37109 0
2465 1792 0.37500 0
2466 2101 0.35938 0
2467 2101 0.34375 0
2468 2103 0.36328 0
2469 2139 0.35156 0
2470 2140 0.36328 0
2471 1705 0.37891 0
2472 252 0.33594 0
2473 793 0.35547 0
2474 792 0.39062 0
2475 1550 0.35156 0
2476 1550 0.35547 0
2477 1713 0.36719 0
2478 1526 0.33984 0
2479 712 0.32812 0
2480 1550 0.35547 0
2481 1705 0.33594 0
2482 1529 0.36719 0
2483 1549 0.33984 0
2484 2143 0.35156 0
2485 2144 0.33594 0
2486 1552 0.29297 0
2487 1552 0.28906 0
2488 2126 0.36719 0
2489 2169 0.32422 0
2490 2111 0.31250 0
2491 2130 0.32031 0
2492 2113 0.27344 0
2493 2130 0.32812 0
2494 1534 0.30469 0
2495 1532 0.33984 0
2496 1552 0.30859 0
2497 1532 0.33203 0
2498 1520 0.33984 0
2499 1482 0.33984 0
2500 1482 0.32031 0
2501 2136 0.33203 0
2502 1479 0.37109 0
2503 1398 0.33984 0
2504 1524 0.33984 0
2505 1524 0.34375 0
2506 1525 0.35547 0
2507 251 0.39844 0
2508 1520 0.35156 0
2509 1541 0.34766 0
2510 698 0.34375 0
2511 1810 0.33984 0
2512 700 0.31250 0
2513 544 0.34375 0
2514 257 0.33984 0
2515 249 0.35156 0
2516 1412 0.38672 0
2517 252 0.37891 0
2518 252 0.37500 0
2519 1458 0.39453 0
2520 1706 0.40234 0
2521 1423 0.36719 0
2522 1459 0.37109 0
2523 1505 0.33984 0
2524 1505 0.35156 0
2525 1505 0.34766 0
2526 569 0.31250 0
2527 566 0.32031 0
2528 567 0.35547 0
2529 1474 0.35156 0
2530 567 0.37109 0
2531 544 0.36328 0
2532 544 0.36328 0
2533 840 0.36328 0
2534 840 0.35938 0
2535 2062 0.33203 0
2536 840 0.33203 0
2537 840 0.35156 0
2538 2207 0.32812 0
2539 2207 0.30859 0
2540 2207 0.30469 0
2541 2089 0.34766 0
2542 2233 0.33594 0
2543 2233 0.36328 0
2544 2231 0.31641 0
2545 2231 0.32031 0
2546 2231 0.34766 0
2547 2231 0.32031 0
2548 2079 0.33594 0
2549 2231 0.34766 0
2550 169 0.34766 0
2551 169 0.35156 0
2552 1375 0.40625 0
2553 1374 0.39453 0
2554 321 0.40625 0
2555 1375 0.41406 0
2556 155 0.40625 0
2557 159 0.39844 0
2558 161 0.36719 0
2559 160 0.35156 0
2560 159 0.41016 0
2561 160 0.32031 0
2562 159 0.40234 0
2563 907 0.33984 0
2564 907 0.34766 0
2565 176 0.39844 0
2566 907 0.37891 0
2567 176 0.38281 0
2568 2012 0.38281 0
2569 2012 0.40625 0
2570 424 0.39844 0
2571 2011 0.38672 0
2572 1371 0.36328 0
2573 1040 0.35938 0
2574 2011 0.32812 0
2575 2011 0.37891 0
2576 1026 0.37109 0
2577 628 0.33203 0
2578 629 0.34375 0
2579 629 0.33203 0
2580 629 0.35938 0
2581 629 0.36328 0
2582 1660 0.40234 0
2583 839 0.40234 0
2584 1616 0.39453 0
2585 884 0.34375 0
2586 884 0.30859 0
2587 884 0.32422 0
2588 881 0.33594 0
2589 879 0.35156 0
2590 881 0.31250 0
2591 879 0.31641 0
2592 1541 0.33594 0
2593 1270 0.31641 0
2594 814 0.32031 0
2595 1269 0.29688 0
2596 1268 0.31250 0
2597 814 0.33984 0
2598 1268 0.33594 0
2599 1267 0.34375 0
2600 1267 0.35547 0
2601 2104 0.33984 0
2602 816 0.32031 0
2603 816 0.31250 0
2604 1683 0.35156 0
2605 2107 0.34766 0
2606 2107 0.37891 0
2607 2107 0.37500 0
2608 2112 0.37891 0
2609 1248 0.36719 0
2610 2113 0.36719 0
2611 602 0.34375 0
2612 608 0.36328 0
2613 608 0.33984 0
2614 608 0.34375 0
2615 608 0.33594 0
2616 607 0.34766 0
2617 623 0.35547 0
2618 623 0.35547 0
2619 2116 0.38672 0
2620 2118 0.38672 0
2621 1016 0.36328 0
2622 624 0.37500 0
2623 623 0.37109 0
2624 623 0.34375 0
2625 1595 0.37500 0
2626 2230 0.38672 0
2627 2231 0.34766 0
2628 2290 0.34375 0
2629 2290 0.32031 0
2630 2290 0.30078 0
2631 618 0.31641 0
2632 600 0.30859 0
2633 602 0.33984 0
2634 602 0.31250 0
2635 602 0.33594 0
2636 602 0.34766 0
2637 601 0.33203 0
2638 601 0.36719 0
2639 630 0.35156 0
2640 630 0.35938 0
2641 1371 0.41016 0
2642 2004 0.41406 0
2643 2008 0.37500 0
2644 1037 0.39453 0
2645 2008 0.37500 0
2646 913 0.37500 0
2647 913 0.36328 0
2648 913 0.35156 0
2649 911 0.37109 0
2650 169 0.39062 0
2651 2009 0.38672 0
2652 906 0.38672 0
2653 424 0.35156 0
2654 2012 0.33984 0
2655 2002 0.39844 0
2656 324 0.39453 0
2657 324 0.40234 0
2658 325 0.43750 0
2659 325 0.38281 0
2660 325 0.37500 0
2661 325 0.39062 0
2662 1025 0.35156 0
2663 648 0.33594 0
2664 648 0.33594 0
2665 2300 0.33203 0
2666 169 0.39844 0
2667 402 0.36328 0
2668 401 0.39062 0
2669 1373 0.38672 0
2670 2354 0.39062 0
2671 403 0.38672 0
2672 2231 0.37109 0
2673 425 0.38281 0
2674 307 0.38281 0
2675 307 0.35938 0
2676 308 0.36328 0
2677 309 0.36719 0
2678 308 0.37109 0
2679 309 0.36328 0
2680 310 0.38281 0
2681 308 0.37109 0
2682 445 0.37891 0
2683 424 0.39453 0
2684 1999 0.38672 0
2685 313 0.38281 0
2686 1024 0.40625 0
2687 313 0.39453 0
2688 1593 0.39062 0
2689 1594 0.39062 0
2690 1052 0.37500 0
2691 1991 0.37500 0
2692 1014 0.36719 0
2693 1015 0.37109 0
2694 428 0.38672 0
2695 239 0.40234 0
2696 2118 0.37500 0
2697 2118 0.38672 0
2698 630 0.39844 0
2699 2361 0.35938 0
2700 2362 0.34375 0
2701 2364 0.31250 0
2702 2364 0.29297 0
2703 2148 0.33984 0
2704 2364 0.32031 0
2705 2098 0.31641 0
2706 2149 0.32031 0
2707 635 0.37500 0
2708 2101 0.36719 0
2709 623 0.40234 0
2710 628 0.38281 0
2711 628 0.38672 0
2712 2352 0.33594 0
2713 2350 0.39453 0
2714 2352 0.36328 0
2715 2352 0.39453 0
2716 2350 0.35547 0
2717 2351 0.32031 0
2718 2351 0.32031 0
2719 2350 0.33594 0
2720 2351 0.33594 0
2721 2351 0.35547 0
2722 2355 0.36328 0
2723 2116 0.36328 0
2724 2116 0.34766 0
2725 594 0.32422 0
2726 2117 0.31250 0
2727 2171 0.33203 0
2728 2118 0.31641 0
2729 593 0.34766 0
2730 622 0.32812 0
2731 1672 0.30859 0
2732 631 0.35156 0
2733 1616 0.35547 0
2734 1779 0.35547 0
2735 631 0.35938 0
2736 631 0.37109 0
2737 631 0.38672 0
2738 1602 0.33203 0
2739 2013 0.36719 0
2740 1591 0.37109 0
2741 622 0.33594 0
2742 622 0.34375 0
2743 172 0.37109 0
2744 170 0.38672 0
2745 609 0.33984 0
2746 1231 0.38672 0
2747 1038 0.39062 0
2748 2004 0.39844 0
2749 1029 0.38281 0
2750 1025 0.35547 0
2751 1025 0.37500 0
2752 1025 0.35156 0
2753 1025 0.33203 0
2754 2016 0.38281 0
2755 2016 0.38281 0
2756 1020 0.39062 0
2757 1994 0.38672 0
2758 2116 0.33594 0
2759 2116 0.31641 0
2760 847 0.31250 0
2761 847 0.34375 0
2762 2102 0.33203 0
2763 2101 0.30859 0
2764 2199 0.28906 0
2765 2194 0.31250 0
2766 2148 0.27344 0
2767 2198 0.25391 0
2768 2198 0.27344 0
2769 2195 0.28906 0
2770 2143 0.24609 0
2771 2145 0.28906 0
2772 2242 0.28516 0
2773 2179 0.30469 0
2774 2142 0.30859 0
2775 2129 0.34766 0
2776 2138 0.33594 0
2777 709 0.31250 0
2778 2191 0.30469 0
2779 1011 0.28906 0
2780 1015 0.30078 0
2781 1550 0.29688 0
2782 1549 0.26562 0
2783 1548 0.26172 0
2784 2183 0.30078 0
2785 1548 0.31641 0
2786 2220 0.32812 0
2787 2183 0.30859 0
2788 2172 0.31641 0
2789 1541 0.34766 0
2790 2186 0.34375 0
2791 2182 0.31250 0
2792 2116 0.33594 0
2793 2114 0.29688 0
2794 1777 0.30469 0
2795 1778 0.32422 0
2796 1778 0.31641 0
2797 1778 0.28906 0
2798 2105 0.30078 0
2799 2154 0.29688 0
2800 2106 0.30859 0
2801 2107 0.31641 0
2802 2142 0.31641 0
2803 2140 0.32812 0
2804 2140 0.32812 0
2805 2153 0.29297 0
2806 2153 0.26562 0
2807 2151 0.27344 0
2808 2153 0.26953 0
2809 2148 0.29297 0
2810 2148 0.26562 0
2811 2148 0.27344 0
2812 2147 0.26562 0
2813 2147 0.27734 0
2814 2146 0.28125 0
2815 2143 0.31641 0
2816 2143 0.32422 0
2817 1708 0.31250 0
2818 1708 0.31641 0
2819 1708 0.32812 0
2820 1706 0.31641 0
2821 846 0.31250 0
2822 1979 0.31641 0
2823 708 0.32031 0
2824 707 0.35156 0
2825 707 0.32812 0
2826 679 0.27734 0
2827 679 0.33984 0
2828 679 0.33203 0
2829 1523 0.33984 0
2830 2144 0.32812 0
2831 1070 0.36719 0
2832 2144 0.36719 0
2833 2516 0.32031 0
2834 817 0.33203 0
2835 2143 0.35156 0
2836 700 0.33594 0
2837 2181 0.33594 0
2838 1504 0.34375 0
2839 2062 0.31641 0
2840 720 0.37500 0
2841 2059 0.32812 0
2842 2139 0.26953 0
2843 2142 0.30078 0
2844 2141 0.28906 0
2845 2141 0.30469 0
2846 1705 0.32031 0
2847 2141 0.35938 0
2848 1008 0.35938 0
2849 1153 0.34766 0
2850 1709 0.33594 0
2851 1709 0.33203 0
2852 792 0.31641 0
2853 2127 0.31641 0
2854 2128 0.30469 0
2855 2130 0.30078 0
2856 1551 0.28906 0
2857 2143 0.30859 0
2858 1530 0.30078 0
2859 2177 0.28906 0
2860 1532 0.28906 0
2861 2202 0.31250 0
2862 2202 0.31250 0
2863 2383 0.32422 0
2864 2143 0.30859 0
2865 2143 0.30078 0
2866 2054 0.31250 0
2867 1530 0.32031 0
2868 2058 0.34375 0
2869 1472 0.31250 0
2870 2058 0.32422 0
2871 1470 0.34766 0
2872 1455 0.35156 0
2873 1541 0.30078 0
2874 1535 0.28125 0
2875 2136 0.32422 0
2876 2210 0.35547 0
2877 2147 0.31641 0
2878 1454 0.33984 0
2879 1526 0.32031 0
2880 2235 0.32422 0
2881 2368 0.33203 0
2882 1527 0.35547 0
2883 2174 0.35156 0
2884 1094 0.33594 0
2885 1534 0.30859 0
2886 2369 0.32812 0
2887 1515 0.36719 0
2888 2115 0.31641 0
2889 2045 0.35156 0
2890 2072 0.33203 0
2891 1541 0.32812 0
2892 1474 0.35547 0
2893 1520 0.37500 0
2894 2183 0.35938 0
2895 2207 0.34375 0
2896 875 0.35938 0
2897 700 0.35156 0
2898 1070 0.37891 0
2899 1137 0.33594 0
2900 1133 0.37109 0
2901 1120 0.37500 0
2902 2383 0.35547 0
2903 2511 0.37109 0
2904 2068 0.33984 0
2905 2068 0.38281 0
2906 2176 0.33984 0
2907 1530 0.34766 0
2908 2516 0.37109 0
2909 1473 0.37500 0
2910 2521 0.33984 0
2911 808 0.36328 0
2912 2202 0.35156 0
2913 2202 0.30078 0
2914 2399 0.35547 0
2915 2148 0.35547 0
2916 696 0.33203 0
2917 2204 0.36328 0
2918 275 0.36719 0
2919 2233 0.35547 0
2920 1622 0.35938 0
2921 1257 0.36719 0
2922 265 0.37109 0
2923 1992 0.35938 0
2924 1992 0.36328 0
2925 555 0.35938 0
2926 1708 0.31250 0
2927 2140 0.36719 0
2928 1725 0.35156 0
2929 796 0.38281 0
2930 2144 0.34766 0
2931 2144 0.35938 0
2932 1790 0.35547 0
2933 1789 0.36719 0
2934 1789 0.33984 0
2935 1794 0.34375 0
2936 1799 0.29688 0
2937 846 0.32422 0
2938 763 0.34375 0
2939 840 0.30859 0
2940 761 0.29297 0
2941 1803 0.34375 0
2942 1807 0.32812 0
2943 769 0.37109 0
2944 770 0.32422 0
2945 769 0.30859 0
2946 1539 0.34766 0
2947 769 0.35156 0
2948 718 0.36719 0
2949 2375 0.36719 0
2950 699 0.35156 0
2951 2148 0.35938 0
2952 2238 0.35938 0
2953 257 0.39844 0
2954 2349 0.37500 0
2955 1772 0.36328 0
2956 1244 0.36719 0
2957 2013 0.33984 0
2958 2016 0.37500 0
2959 1997 0.41016 0
2960 1249 0.32812 0
2961 1592 0.38281 0
2962 1596 0.38281 0
2963 2231 0.39062 0
2964 2231 0.39062 0
2965 2542 0.39062 0
2966 2354 0.39844 0
2967 1622 0.38672 0
2968 1257 0.34766 0
2969 942 0.36328 0
2970 1053 0.35938 0
2971 1053 0.34375 0
2972 1729 0.34375 0
2973 1728 0.31641 0
2974 1909 0.31250 0
2975 1912 0.32422 0
2976 1733 0.33203 0
2977 1733 0.33984 0
2978 1695 0.33594 0
2979 1735 0.33984 0
2980 1735 0.36719 0
2981 1070 0.39453 0
2982 1851 0.35938 0
2983 1836 0.32031 0
2984 1899 0.34375 0
2985 1922 0.35547 0
2986 1922 0.32812 0
2987 1831 0.31250 0
2988 1911 0.33203 0
2989 1831 0.31250 0
2990 1831 0.32031 0
2991 1910 0.28516 0
2992 1910 0.30469 0
2993 1835 0.28906 0
2994 1914 0.32031 0
2995 1914 0.28516 0
2996 1915 0.26562 0
2997 1915 0.28906 0
2998 1916 0.19922 0
2999 1917 0.28125 0
3000 1950 0.31641 0
3001 1941 0.27734 0
3002 1935 0.26953 0
3003 1921 0.27344 0
3004 1914 0.30859 0
3005 1935 0.28125 0
3006 1925 0.27734 0
3007 1912 0.24219 0
3008 1877 0.28516 0
3009 1874 0.28906 0
3010 1949 0.31250 0
3011 1926 0.29297 0
3012 1842 0.30469 0
3013 1840 0.29297 0
3014 1858 0.28125 0
3015 1870 0.25781 0
3016 1870 0.25781 0
3017 1870 0.28125 0
3018 1874 0.27734 0
3019 1874 0.32031 0
3020 1892 0.29688 0
3021 1875 0.26172 0
3022 1875 0.26172 0
3023 1867 0.30078 0
3024 1489 0.28516 0
3025 1101 0.32031 0
3026 259 0.33984 0
3027 1871 0.35156 0
3028 816 0.34766 0
3029 711 0.32812 0
3030 711 0.34375 0
3031 1875 0.36328 0
3032 1537 0.35938 0
3033 2038 0.38672 0
3034 1527 0.32422 0
3035 561 0.35547 0
3036 562 0.35938 0
3037 565 0.35938 0
3038 754 0.34375 0
3039 754 0.36328 0
3040 2064 0.33203 0
3041 798 0.29688 0
3042 802 0.34766 0
3043 797 0.29297 0
3044 2394 0.35156 0
3045 2070 0.35938 0
3046 852 0.37891 0
3047 738 0.34766 0
3048 738 0.35938 0
3049 738 0.33594 0
3050 2316 0.39062 0
3051 378 0.35938 0
3052 378 0.33203 0
3053 378 0.36328 0
3054 165 0.37500 0
3055 2574 0.37109 0
3056 2574 0.36719 0
3057 424 0.38672 0
3058 2741 0.41016 0
3059 1221 0.38281 0
3060 2670 0.39453 0
3061 410 0.40625 0
3062 648 0.33594 0
3063 648 0.35547 0
3064 924 0.38672 0
3065 2725 0.37891 0
3066 1995 0.41406 0
3067 2725 0.41016 0
3068 928 0.35547 0
3069 928 0.36328 0
3070 897 0.36719 0
3071 1190 0.37109 0
3072 2103 0.36328 0
3073 2481 0.32812 0
3074 1455 0.36328 0
3075 2054 0.35938 0
3076 2054 0.37109 0
3077 810 0.35547 0
3078 2050 0.37500 0
3079 2060 0.35547 0
3080 2387 0.37109 0
3081 2387 0.35547 0
3082 2045 0.33203 0
3083 2522 0.31641 0
3084 2386 0.36328 0
3085 974 0.36719 0
3086 699 0.36328 0
3087 808 0.36328 0
3088 257 0.37500 0
3089 2601 0.37109 0
3090 2076 0.39453 0
3091 2076 0.36719 0
3092 2076 0.35938 0
3093 1256 0.37109 0
3094 962 0.37500 0
3095 1525 0.37109 0
3096 277 0.39844 0
3097 2406 0.36328 0
3098 1496 0.36719 0
3099 2055 0.35547 0
3100 258 0.37109 0
3101 2057 0.33594 0
3102 2057 0.35156 0
3103 1574 0.36328 0
3104 1574 0.34766 0
3105 1574 0.35156 0
3106 728 0.32031 0
3107 1502 0.31250 0
3108 1503 0.28125 0
3109 1503 0.32031 0
3110 1503 0.33203 0
3111 2811 0.34375 0
3112 1505 0.35547 0
3113 2204 0.37500 0
3114 967 0.39062 0
3115 690 0.35938 0
3116 823 0.34766 0
3117 723 0.35156 0
3118 2058 0.38281 0
3119 700 0.32422 0
3120 1527 0.35547 0
3121 543 0.32031 0
3122 543 0.34375 0
3123 541 0.29688 0
3124 1429 0.36328 0
3125 1094 0.33594 0
3126 1093 0.32031 0
3127 1093 0.33203 0
3128 1094 0.32812 0
3129 1426 0.33594 0
3130 2428 0.35547 0
3131 1474 0.38672 0
3132 1465 0.33984 0
3133 1475 0.35938 0
3134 1527 0.33594 0
3135 1106 0.28125 0
3136 1527 0.27734 0
3137 1527 0.30859 0
3138 1520 0.32422 0
3139 1520 0.34766 0
3140 1877 0.30078 0
3141 1482 0.33594 0
3142 1730 0.33984 0
3143 272 0.35156 0
3144 1535 0.28906 0
3145 1070 0.35156 0
3146 1690 0.33594 0
3147 2039 0.33984 0
3148 2039 0.35547 0
3149 1852 0.37891 0
3150 820 0.34766 0
3151 697 0.36719 0
3152 2053 0.39453 0
3153 2466 0.37500 0
3154 2382 0.36719 0
3155 295 0.37500 0
3156 1503 0.36328 0
3157 806 0.34375 0
3158 2086 0.31250 0
3159 2082 0.33203 0
3160 2083 0.30469 0
3161 2245 0.40625 0
3162 849 0.37500 0
3163 289 0.36328 0
3164 2828 0.36328 0
3165 1013 0.36328 0
3166 2827 0.38281 0
3167 2850 0.33594 0
3168 2817 0.34375 0
3169 2070 0.33594 0
3170 2833 0.36328 0
3171 2844 0.36719 0
3172 2844 0.35156 0
3173 1137 0.36328 0
3174 692 0.34375 0
3175 2064 0.34766 0
3176 2063 0.36719 0
3177 722 0.35156 0
3178 2521 0.34375 0
3179 722 0.37500 0
3180 2058 0.33984 0
3181 2058 0.33203 0
3182 272 0.36719 0
3183 796 0.34375 0
3184 2368 0.35547 0
3185 2087 0.35156 0
3186 863 0.36328 0
3187 2060 0.37500 0
3188 2086 0.35938 0
3189 2060 0.40625 0
3190 2245 0.39453 0
3191 1159 0.38281 0
3192 2095 0.40625 0
3193 876 0.35156 0
3194 759 0.35547 0
3195 2240 0.37500 0
3196 824 0.40625 0
3197 1152 0.38672 0
3198 530 0.36328 0
3199 1502 0.35547 0
3200 683 0.35547 0
3201 1131 0.33594 0
3202 1131 0.32422 0
3203 1129 0.35547 0
3204 699 0.34375 0
3205 1119 0.33203 0
3206 1852 0.39453 0
3207 1521 0.35547 0
3208 1855 0.37109 0
3209 1855 0.33203 0
3210 1858 0.29688 0
3211 1847 0.30078 0
3212 1859 0.29297 0
3213 1848 0.33984 0
3214 1866 0.32031 0
3215 1866 0.31250 0
3216 1965 0.33594 0
3217 1852 0.29297 0
3218 1948 0.28125 0
3219 1853 0.30859 0
3220 1874 0.27344 0
3221 1874 0.30469 0
3222 1856 0.29297 0
3223 1875 0.29688 0
3224 1878 0.27344 0
3225 1950 0.28125 0
3226 1855 0.24609 0
3227 1843 0.25391 0
3228 1850 0.23438 0
3229 1862 0.26953 0
3230 1852 0.27344 0
3231 1850 0.28125 0
3232 1854 0.26172 0
3233 1865 0.26953 0
3234 1854 0.30469 0
3235 1839 0.35547 0
3236 1406 0.32812 0
3237 1525 0.33203 0
3238 1527 0.30078 0
3239 1107 0.31250 0
3240 1853 0.30078 0
3241 1114 0.30078 0
3242 1865 0.29688 0
3243 1864 0.32031 0
3244 1865 0.31250 0
3245 1866 0.31250 0
3246 1851 0.32031 0
3247 1867 0.36328 0
3248 1126 0.36328 0
3249 1489 0.36719 0
3250 2840 0.35938 0
3251 1867 0.37109 0
3252 2488 0.33984 0
3253 1688 0.35938 0
3254 2491 0.37109 0
3255 1690 0.35547 0
3256 1691 0.33984 0
3257 1687 0.34766 0
3258 1483 0.33984 0
3259 2510 0.32031 0
3260 2044 0.33203 0
3261 2833 0.33203 0
3262 2043 0.34375 0
3263 2833 0.35547 0
3264 2835 0.32031 0
3265 562 0.30859 0
3266 562 0.33984 0
3267 716 0.34375 0
3268 2022 0.37891 0
3269 2073 0.39062 0
3270 2020 0.37109 0
3271 1053 0.35938 0
3272 1729 0.35938 0
3273 2966 0.38281 0
3274 2687 0.34375 0
3275 2966 0.34766 0
3276 2686 0.34375 0
3277 2966 0.34375 0
3278 2966 0.37891 0
3279 2966 0.36328 0
3280 2669 0.41016 0
3281 2666 0.40234 0
3282 2316 0.37109 0
3283 2665 0.39453 0
3284 2316 0.39453 0
3285 574 0.38672 0
3286 2665 0.37500 0
3287 574 0.33594 0
3288 574 0.33984 0
3289 2544 0.34766 0
3290 1372 0.35156 0
3291 2544 0.35938 0
3292 734 0.34375 0
3293 2301 0.34766 0
3294 2301 0.33594 0
3295 739 0.33203 0
3296 1671 0.35547 0
3297 1671 0.35547 0
3298 2666 0.35547 0
3299 2666 0.37109 0
3300 2666 0.36328 0
3301 2667 0.38281 0
3302 2549 0.36328 0
3303 2547 0.38672 0
3304 2549 0.38672 0
3305 2554 0.37500 0
3306 2554 0.37109 0
3307 2554 0.35547 0
3308 2555 0.36328 0
3309 2552 0.33984 0
3310 2552 0.29297 0
3311 2552 0.33594 0
3312 2550 0.30078 0
3313 2551 0.33984 0
3314 2550 0.28516 0
3315 2551 0.30469 0
3316 2552 0.32422 0
3317 2550 0.31250 0
3318 2551 0.35938 0
3319 2665 0.37109 0
3320 2666 0.37109 0
3321 2666 0.39062 0
3322 2667 0.37891 0
3323 398 0.39062 0
3324 2667 0.40234 0
3325 405 0.39062 0
3326 2667 0.39062 0
3327 2667 0.41406 0
3328 2563 0.40234 0
3329 400 0.39453 0
3330 400 0.38672 0
3331 2664 0.40234 0
3332 2568 0.37891 0
3333 2568 0.41016 0
3334 400 0.36719 0
3335 322 0.39453 0
3336 322 0.38281 0
3337 321 0.38281 0
3338 2677 0.37891 0
3339 1211 0.34375 0
3340 1211 0.33984 0
3341 318 0.33594 0
3342 317 0.33203 0
3343 317 0.32031 0
3344 317 0.30859 0
3345 317 0.33203 0
3346 314 0.33984 0
3347 316 0.32812 0
3348 316 0.36719 0
3349 314 0.39062 0
3350 312 0.38672 0
3351 1215 0.39062 0
3352 1216 0.38281 0
3353 1221 0.39453 0
3354 130 0.39062 0
3355 2678 0.36719 0
3356 129 0.37500 0
3357 930 0.40234 0
3358 1216 0.40625 0
3359 1206 0.39844 0
3360 308 0.35547 0
3361 308 0.36328 0
3362 492 0.37500 0
3363 308 0.39844 0
3364 1204 0.38281 0
3365 308 0.40625 0
3366 308 0.40234 0
3367 309 0.39453 0
3368 2714 0.38281 0
3369 2715 0.36719 0
3370 470 0.38281 0
3371 2107 0.29688 0
3372 2142 0.35156 0
3373 3071 0.34375 0
3374 2136 0.37891 0
3375 1707 0.35547 0
3376 2102 0.29688 0
3377 2139 0.32031 0
3378 2950 0.34766 0
3379 2139 0.32422 0
3380 2145 0.32812 0
3381 2589 0.32031 0
3382 2588 0.32812 0
3383 2143 0.35156 0
3384 2143 0.32031 0
3385 2143 0.30469 0
3386 2143 0.34766 0
3387 2143 0.32031 0
3388 2143 0.33984 0
3389 2142 0.32812 0
3390 2844 0.37109 0
3391 2144 0.36328 0
3392 890 0.36719 0
3393 896 0.33984 0
3394 897 0.32812 0
3395 897 0.33594 0
3396 897 0.33594 0
3397 897 0.32422 0
3398 900 0.32812 0
3399 900 0.33594 0
3400 2620 0.35938 0
3401 2355 0.35547 0
3402 2571 0.35547 0
3403 1999 0.39062 0
3404 1023 0.37891 0
3405 1045 0.37109 0
3406 1045 0.33984 0
3407 1027 0.32812 0
3408 1026 0.34766 0
3409 1025 0.30859 0
3410 1025 0.30859 0
3411 1025 0.30859 0
3412 1025 0.30859 0
3413 1025 0.29297 0
3414 1026 0.27734 0
3415 1026 0.29297 0
3416 1020 0.29297 0
3417 1997 0.29297 0
3418 1998 0.30859 0
3419 1017 0.32031 0
3420 1054 0.34375 0
3421 1989 0.28906 0
3422 1986 0.31250 0
3423 1986 0.31641 0
3424 1986 0.30469 0
3425 1986 0.33984 0
3426 1733 0.35156 0
3427 2035 0.37891 0
3428 1735 0.33203 0
3429 1737 0.34375 0
3430 1737 0.32422 0
3431 1938 0.35547 0
3432 1910 0.33594 0
3433 1975 0.35938 0
3434 1910 0.35156 0
3435 1975 0.35547 0
3436 1941 0.33984 0
3437 1909 0.31641 0
3438 1910 0.33594 0
3439 1943 0.28125 0
3440 1943 0.30469 0
3441 1945 0.31250 0
3442 1945 0.30469 0
3443 1935 0.29297 0
3444 1830 0.30469 0
3445 1831 0.25781 0
3446 1824 0.29688 0
3447 1833 0.27734 0
3448 1833 0.29688 0
3449 1833 0.28125 0
3450 1835 0.26562 0
3451 1835 0.25781 0
3452 1856 0.25000 0
3453 1836 0.28125 0
3454 1838 0.28906 0
3455 1856 0.32422 0
3456 1843 0.32422 0
3457 1855 0.28516 0
3458 1844 0.27344 0
3459 1844 0.29688 0
3460 1843 0.30469 0
3461 1845 0.28516 0
3462 1845 0.27344 0
3463 1841 0.31641 0
3464 1845 0.32812 0
3465 1848 0.32422 0
3466 1848 0.31641 0
3467 1841 0.33984 0
3468 1850 0.30469 0
3469 1850 0.28906 0
3470 1844 0.31250 0
3471 1844 0.26172 0
3472 1854 0.27344 0
3473 1854 0.25781 0
3474 1852 0.23828 0
3475 1849 0.26953 0
3476 1852 0.24609 0
3477 1871 0.25391 0
3478 1871 0.25391 0
3479 1126 0.33984 0
3480 3144 0.36328 0
3481 1985 0.33594 0
3482 1989 0.27734 0
3483 3137 0.34375 0
3484 1551 0.33984 0
3485 1518 0.32812 0
3486 1527 0.35156 0
3487 546 0.35938 0
3488 545 0.36719 0
3489 1422 0.34375 0
3490 1422 0.34766 0
3491 1422 0.32812 0
3492 1421 0.37109 0
3493 1473 0.37891 0
3494 1434 0.40234 0
3495 1418 0.35156 0
3496 1418 0.37500 0
3497 1434 0.39062 0
3498 1420 0.35156 0
3499 3022 0.37891 0
3500 3022 0.34375 0
3501 1875 0.39062 0
3502 1876 0.37500 0
3503 1874 0.37891 0
3504 3142 0.36719 0
3505 3143 0.34375 0
3506 3143 0.32812 0
3507 1065 0.37109 0
3508 1907 0.38672 0
3509 1062 0.32812 0
3510 1945 0.35938 0
3511 1063 0.36328 0
3512 1904 0.40625 0
3513 549 0.33594 0
3514 549 0.33594 0
3515 2125 0.34766 0
3516 2125 0.34375 0
3517 1524 0.34375 0
3518 1662 0.37891 0
3519 2076 0.39062 0
3520 3123 0.34766 0
3521 2233 0.35547 0
3522 588 0.39062 0
3523 2415 0.35547 0
3524 2435 0.37500 0
3525 576 0.36719 0
3526 729 0.40625 0
3527 1570 0.35547 0
3528 1571 0.37891 0
3529 3092 0.35156 0
3530 739 0.37109 0
3531 740 0.36328 0
3532 740 0.35938 0
3533 3045 0.32812 0
3534 3044 0.32812 0
3535 798 0.36719 0
3536 3201 0.34375 0
3537 3202 0.32812 0
3538 3201 0.33594 0
3539 3203 0.38281 0
3540 3119 0.39062 0
3541 753 0.35938 0
3542 754 0.36328 0
3543 2059 0.34375 0
3544 2060 0.35547 0
3545 2238 0.36719 0
3546 3107 0.37109 0
3547 2248 0.36719 0
3548 3102 0.36719 0
3549 1579 0.36328 0
3550 2252 0.32812 0
3551 2252 0.33203 0
3552 3201 0.35156 0
3553 824 0.33594 0
3554 2253 0.35547 0
3555 2253 0.34766 0
3556 3205 0.30469 0
3557 3205 0.30469 0
3558 820 0.34375 0
3559 3123 0.33203 0
3560 1505 0.35938 0
3561 273 0.30859 0
3562 275 0.33203 0
3563 3091 0.33203 0
3564 3092 0.32812 0
3565 2889 0.35938 0
3566 844 0.37109 0
3567 3046 0.37109 0
3568 3159 0.35547 0
3569 3180 0.37500 0
3570 2836 0.33594 0
3571 2836 0.35156 0
3572 2836 0.35547 0
3573 1114 0.36719 0
3574 1116 0.33984 0
3575 1855 0.29297 0
3576 1861 0.30469 0
3577 1854 0.28516 0
3578 1861 0.27344 0
3579 1861 0.26953 0
3580 1872 0.26172 0
3581 1847 0.24219 0
3582 1903 0.26562 0
3583 1874 0.29297 0
3584 1875 0.25391 0
3585 1875 0.29688 0
3586 3012 0.25781 0
3587 1867 0.27734 0
3588 1866 0.27734 0
3589 1853 0.29297 0
3590 3241 0.24609 0
3591 1840 0.30469 0
3592 3217 0.29297 0
3593 3241 0.29688 0
3594 1843 0.27734 0
3595 1853 0.23828 0
3596 1853 0.25781 0
3597 1851 0.25781 0
3598 1856 0.28906 0
3599 1897 0.26172 0
3600 1866 0.22266 0
3601 1859 0.23438 0
3602 1859 0.23047 0
3603 1868 0.27344 0
3604 1859 0.24609 0
3605 1840 0.28125 0
3606 1884 0.26953 0
3607 1883 0.25781 0
3608 1885 0.26172 0
3609 1874 0.25781 0
3610 1874 0.21875 0
3611 1874 0.19922 0
3612 1866 0.25781 0
3613 1865 0.27734 0
3614 1867 0.30469 0
3615 1890 0.30078 0
3616 1107 0.29688 0
3617 1108 0.28125 0
3618 3023 0.28906 0
3619 3025 0.32031 0
3620 1549 0.32812 0
3621 3025 0.32812 0
3622 3026 0.32422 0
3623 3026 0.28906 0
3624 3026 0.33594 0
3625 3030 0.32031 0
3626 2837 0.29688 0
3627 3030 0.32812 0
3628 1014 0.26172 0
3629 593 0.32422 0
3630 1014 0.27734 0
3631 593 0.30078 0
3632 3030 0.36328 0
3633 2229 0.38281 0
3634 2231 0.33594 0
3635 1997 0.34375 0
3636 2082 0.33594 0
3637 2083 0.32812 0
3638 2229 0.35156 0
3639 2233 0.34766 0
3640 619 0.35547 0
3641 1783 0.33594 0
3642 2086 0.35547 0
3643 2009 0.36719 0
3644 2009 0.34766 0
3645 2015 0.36328 0
3646 898 0.36719 0
3647 1176 0.34766 0
3648 898 0.37500 0
3649 1047 0.35547 0
3650 1049 0.35156 0
3651 1049 0.36328 0
3652 1998 0.35938 0
3653 1998 0.35938 0
3654 1998 0.33984 0
3655 1989 0.36719 0
3656 1991 0.33594 0
3657 720 0.30859 0
3658 720 0.31641 0
3659 3033 0.35156 0
3660 3033 0.35156 0
3661 3033 0.36328 0
3662 1520 0.37500 0
3663 3035 0.36719 0
3664 3240 0.36719 0
3665 882 0.37109 0
3666 2839 0.36719 0
3667 1071 0.36719 0
3668 1120 0.35938 0
3669 3247 0.34766 0
3670 3241 0.35547 0
3671 2833 0.36719 0
3672 3214 0.34766 0
3673 3011 0.29688 0
3674 3011 0.30078 0
3675 1850 0.30469 0
3676 1847 0.29688 0
3677 1842 0.30469 0
3678 1836 0.30469 0
3679 1851 0.32422 0
3680 1980 0.30469 0
3681 1859 0.39453 0
3682 1850 0.37891 0
3683 1845 0.31250 0
3684 1971 0.35156 0
3685 1854 0.32422 0
3686 1853 0.30078 0
3687 1852 0.32812 0
3688 1853 0.33984 0
3689 1836 0.32031 0
3690 1866 0.32422 0
3691 1836 0.30859 0
3692 1841 0.27734 0
3693 793 0.35156 0
3694 2042 0.37500 0
3695 2041 0.37500 0
3696 2836 0.32031 0
3697 2837 0.35156 0
3698 1641 0.33203 0
3699 271 0.33984 0
3700 2369 0.39453 0
3701 2394 0.36328 0
3702 1683 0.37109 0
3703 3044 0.36328 0
3704 1648 0.35547 0
3705 3131 0.37891 0
3706 1587 0.37500 0
3707 1558 0.31641 0
3708 1559 0.34766 0
3709 1559 0.36719 0
3710 1591 0.35938 0
3711 3051 0.35156 0
3712 1591 0.34766 0
3713 2348 0.36719 0
3714 2750 0.35547 0
3715 3052 0.36719 0
3716 2749 0.37500 0
3717 2749 0.39062 0
3718 286 0.38281 0
3719 3401 0.40625 0
3720 1995 0.41016 0
3721 1997 0.36719 0
3722 1998 0.37109 0
3723 902 0.38672 0
3724 378 0.38281 0
3725 910 0.37891 0
3726 2748 0.39062 0
3727 2749 0.38672 0
3728 1373 0.39453 0
3729 1371 0.41406 0
3730 2348 0.41406 0
3731 1770 0.41797 0
3732 622 0.38281 0
3733 2079 0.38672 0
3734 2079 0.38281 0
3735 857 0.39062 0
3736 2079 0.39453 0
3737 1181 0.35156 0
3738 722 0.39062 0
3739 722 0.36719 0
3740 721 0.34766 0
3741 721 0.35938 0
3742 3396 0.34766 0
3743 3395 0.35938 0
3744 3396 0.39453 0
3745 2361 0.39062 0
3746 2361 0.38281 0
3747 3422 0.41797 0
3748 3421 0.39453 0
3749 3419 0.41016 0
3750 3419 0.43750 0
3751 929 0.44141 0
3752 313 0.40234 0
3753 2116 0.39844 0
3754 2116 0.41797 0
3755 2118 0.42188 0
3756 2747 0.41406 0
3757 2733 0.37109 0
3758 198 0.38672 0
3759 2651 0.41016 0
3760 2651 0.38672 0
3761 166 0.36719 0
3762 2661 0.35938 0
3763 423 0.40625 0
3764 423 0.37500 0
3765 423 0.38672 0
3766 472 0.35547 0
3767 471 0.31250 0
3768 465 0.32812 0
3769 464 0.29688 0
3770 463 0.31641 0
3771 462 0.31641 0
3772 458 0.33203 0
3773 458 0.34766 0
3774 455 0.34766 0
3775 454 0.33984 0
3776 456 0.37109 0
3777 456 0.35156 0
3778 456 0.36719 0
3779 445 0.36719 0
3780 1291 0.39453 0
3781 1199 0.37109 0
3782 1291 0.39062 0
3783 1199 0.37109 0
3784 1200 0.33594 0
3785 446 0.37109 0
3786 447 0.34375 0
3787 446 0.35547 0
3788 3419 0.35547 0
3789 3419 0.36328 0
3790 1209 0.38281 0
3791 1211 0.33984 0
3792 3340 0.33594 0
3793 1206 0.38672 0
3794 3412 0.42188 0
3795 3414 0.37500 0
3796 3406 0.37500 0
3797 659 0.33984 0
3798 441 0.41016 0
3799 442 0.45312 0
3800 634 0.41406 0
3801 635 0.36328 0
3802 1041 0.42578 0
3803 1799 0.39062 0
3804 1801 0.40234 0
3805 1800 0.38672 0
3806 1801 0.37891 0
3807 1799 0.35156 0
3808 1803 0.32812 0
3809 1188 0.32812 0
3810 1801 0.32812 0
3811 2949 0.33984 0
3812 1794 0.33984 0
3813 2949 0.36328 0
3814 2511 0.37109 0
3815 1810 0.36328 0
3816 245 0.39844 0
3817 1805 0.39453 0
3818 1794 0.39062 0
3819 2507 0.40234 0
3820 1803 0.39062 0
3821 1801 0.40234 0
3822 2143 0.38672 0
3823 686 0.35938 0
3824 686 0.37891 0
3825 682 0.36328 0
3826 693 0.37500 0
3827 682 0.35938 0
3828 811 0.36719 0
3829 808 0.37891 0
3830 811 0.33984 0
3831 2198 0.36328 0
3832 1781 0.35938 0
3833 838 0.27734 0
3834 838 0.28516 0
3835 838 0.32031 0
3836 2165 0.33203 0
3837 2369 0.37891 0
3838 622 0.33984 0
3839 2169 0.28906 0
3840 2170 0.32422 0
3841 3051 0.35156 0
3842 3289 0.38672 0
3843 3291 0.38281 0
3844 3290 0.36719 0
3845 3295 0.35156 0
3846 1372 0.34766 0
3847 1372 0.33984 0
3848 1371 0.32812 0
3849 2273 0.35156 0
3850 2288 0.36328 0
3851 727 0.35547 0
3852 2267 0.36328 0
3853 571 0.37109 0
3854 833 0.36719 0
3855 729 0.35938 0
3856 730 0.33203 0
3857 730 0.33984 0
3858 1670 0.37109 0
3859 1467 0.37109 0
3860 1685 0.33203 0
3861 1684 0.33984 0
3862 816 0.34766 0
3863 2079 0.39062 0
3864 2371 0.37109 0
3865 556 0.35156 0
3866 2497 0.37891 0
3867 1690 0.35156 0
3868 1690 0.36719 0
3869 1691 0.35938 0
3870 1881 0.34766 0
3871 1691 0.37109 0
3872 1890 0.39062 0
3873 1886 0.35156 0
3874 1909 0.37891 0
3875 1918 0.36719 0
3876 1909 0.35156 0
3877 1882 0.35938 0
3878 1910 0.32812 0
3879 1911 0.31641 0
3880 1902 0.35547 0
3881 1879 0.36719 0
3882 717 0.39062 0
3883 767 0.39844 0
3884 766 0.41016 0
3885 563 0.38281 0
3886 2921 0.35547 0
3887 2918 0.38672 0
3888 2482 0.38672 0
3889 2368 0.39062 0
3890 1473 0.40625 0
3891 541 0.34766 0
3892 1475 0.35547 0
3893 2113 0.33984 0
3894 2198 0.37109 0
3895 1475 0.32812 0
3896 1474 0.35156 0
3897 1474 0.34375 0
3898 1477 0.28516 0
3899 1476 0.34375 0
3900 2918 0.29297 0
3901 2918 0.34766 0
3902 1482 0.33203 0
3903 1729 0.32422 0
3904 558 0.31250 0
3905 557 0.30078 0
3906 1692 0.33203 0
3907 3030 0.33594 0
3908 1092 0.33984 0
3909 3032 0.33594 0
3910 794 0.32812 0
3911 1151 0.35938 0
3912 3141 0.35156 0
3913 3588 0.33203 0
3914 792 0.33594 0
3915 1408 0.35938 0
3916 3592 0.32031 0
3917 1525 0.30859 0
3918 3018 0.30078 0
3919 3019 0.31250 0
3920 1084 0.30859 0
3921 785 0.28125 0
3922 1088 0.27344 0
3923 3598 0.30469 0
3924 3248 0.31250 0
3925 3249 0.35156 0
3926 1125 0.33984 0
3927 1124 0.32422 0
3928 3025 0.32422 0
3929 796 0.33203 0
3930 3033 0.31250 0
3931 1526 0.33984 0
3932 3121 0.34766 0
3933 1503 0.31250 0
3934 1506 0.35156 0
3935 1507 0.30859 0
3936 2391 0.31250 0
3937 2294 0.31641 0
3938 1509 0.31250 0
3939 2232 0.32812 0
3940 2230 0.36328 0
3941 2230 0.33984 0
3942 2227 0.36328 0
3943 2230 0.31641 0
3944 2230 0.33594 0
3945 2246 0.33203 0
3946 2227 0.37109 0
3947 2227 0.32812 0
3948 2294 0.33984 0
3949 1558 0.31641 0
3950 2315 0.37891 0
3951 1558 0.34375 0
3952 2226 0.32031 0
3953 2230 0.32422 0
3954 2229 0.29688 0
3955 2229 0.27734 0
3956 2229 0.27734 0
3957 2230 0.29688 0
3958 2230 0.32812 0
3959 1624 0.34375 0
3960 2355 0.38281 0
3961 2795 0.33594 0
3962 2298 0.32812 0
3963 2298 0.31250 0
3964 1019 0.35547 0
3965 3648 0.36328 0
3966 2011 0.37500 0
3967 2013 0.37109 0
3968 2006 0.39062 0
3969 2742 0.41016 0
3970 2564 0.38672 0
3971 2348 0.34766 0
3972 2564 0.31250 0
3973 2564 0.30078 0
3974 2347 0.33984 0
3975 3401 0.33203 0
3976 3401 0.34766 0
3977 2115 0.33984 0
3978 2354 0.31641 0
3979 2354 0.29688 0
3980 2232 0.28516 0
3981 2357 0.28125 0
3982 2223 0.33203 0
3983 2121 0.32422 0
3984 2143 0.33594 0
3985 2238 0.30469 0
3986 2211 0.32031 0
3987 2239 0.34375 0
3988 2103 0.31641 0
3989 2103 0.33984 0
3990 2103 0.35156 0
3991 2242 0.28125 0
3992 2134 0.33203 0
3993 2130 0.30469 0
3994 2108 0.29688 0
3995 2108 0.29297 0
3996 2107 0.33203 0
3997 1177 0.34766 0
3998 2384 0.35547 0
3999 2136 0.34375 0
4000 2136 0.35156 0
4001 2387 0.35156 0
4002 882 0.35156 0
4003 2842 0.31641 0
4004 2878 0.34766 0
4005 2058 0.37500 0
4006 2059 0.35938 0
4007 2094 0.34375 0
4008 2075 0.37109 0
4009 1602 0.39062 0
4010 3651 0.35547 0
4011 2074 0.38672 0
4012 3046 0.35156 0
4013 2673 0.33984 0
4014 2673 0.35156 0
4015 3400 0.35938 0
4016 3052 0.36719 0
4017 3052 0.36719 0
4018 2666 0.31250 0
4019 156 0.39844 0
4020 156 0.38281 0
4021 156 0.40234 0
4022 2565 0.41016 0
4023 169 0.39844 0
4024 2565 0.37891 0
4025 2567 0.33594 0
4026 2567 0.35938 0
4027 2567 0.36719 0
4028 2354 0.35156 0
4029 2572 0.33594 0
4030 2571 0.32031 0
4031 2571 0.32031 0
4032 2571 0.31641 0
4033 2623 0.33984 0
4034 3395 0.30859 0
4035 3395 0.32031 0
4036 2385 0.37500 0
4037 2385 0.35938 0
4038 2360 0.39453 0
4039 2360 0.35938 0
4040 2360 0.37109 0
4041 2360 0.38281 0
4042 2789 0.37891 0
4043 2681 0.35547 0
4044 619 0.36328 0
4045 619 0.32031 0
4046 1661 0.36719 0
4047 656 0.38281 0
4048 1189 0.35156 0
4049 1189 0.33594 0
4050 2022 0.31641 0
4051 2020 0.33594 0
4052 2020 0.32031 0
4053 2021 0.33984 0
4054 2020 0.32812 0
4055 2018 0.34766 0
4056 2018 0.37891 0
4057 2297 0.38281 0
4058 2018 0.37109 0
4059 3724 0.34375 0
4060 3724 0.35156 0
4061 3724 0.36328 0
4062 3725 0.35938 0
4063 905 0.37891 0
4064 903 0.34375 0
4065 1373 0.35547 0
4066 2571 0.35156 0
4067 1371 0.39453 0
4068 3707 0.39062 0
4069 913 0.36719 0
4070 1371 0.37500 0
4071 1372 0.39062 0
4072 1372 0.39453 0
4073 910 0.34375 0
4074 2276 0.38281 0
4075 3644 0.33984 0
4076 3644 0.33203 0
4077 3644 0.33203 0
4078 857 0.35938 0
4079 2015 0.36719 0
4080 3648 0.33203 0
4081 3648 0.38281 0
4082 1660 0.32422 0
4083 2948 0.35547 0
4084 2947 0.35156 0
4085 1660 0.33203 0
4086 2101 0.34766 0
4087 1454 0.30859 0
4088 1454 0.30859 0
4089 2104 0.31250 0
4090 2101 0.33984 0
4091 2145 0.31250 0
4092 889 0.32812 0
4093 2594 0.33984 0
4094 2059 0.34375 0
4095 687 0.31641 0
4096 697 0.39062 0
4097 810 0.32812 0
4098 808 0.34375 0
4099 2086 0.32031 0
4100 2394 0.33203 0
4101 2394 0.32812 0
4102 1591 0.31250 0
4103 2375 0.33984 0
4104 3634 0.33984 0
4105 2243 0.31641 0
4106 2243 0.33984 0
4107 2243 0.36719 0
4108 3093 0.38672 0
4109 2802 0.34375 0
4110 1526 0.32812 0
4111 808 0.35938 0
4112 2202 0.34766 0
4113 2195 0.36328 0
4114 2915 0.35156 0
4115 2915 0.33594 0
4116 2915 0.34375 0
4117 699 0.33984 0
4118 696 0.34375 0
4119 1520 0.33984 0
4120 2060 0.34375 0
4121 2843 0.32031 0
4122 2071 0.30078 0
4123 2884 0.34766 0
4124 3197 0.35156 0
4125 1126 0.33984 0
4126 2887 0.32812 0
4127 1128 0.31641 0
4128 1128 0.31641 0
4129 1145 0.31641 0
4130 1128 0.35156 0
4131 2892 0.28906 0
4132 2892 0.30469 0
4133 2058 0.28125 0
4134 1137 0.30078 0
4135 3669 0.36328 0
4136 2056 0.35156 0
4137 3669 0.35938 0
4138 2901 0.35547 0
4139 2902 0.33984 0
4140 2049 0.33594 0
4141 1499 0.33594 0
4142 1497 0.32422 0
4143 3669 0.32812 0
4144 1497 0.34375 0
4145 3197 0.32812 0
4146 2901 0.32812 0
4147 2053 0.31250 0
4148 2902 0.32031 0
4149 2059 0.28906 0
4150 3574 0.34766 0
4151 1122 0.30078 0
4152 1123 0.25391 0
4153 2067 0.30469 0
4154 2068 0.30078 0
4155 1124 0.28125 0
4156 2063 0.28516 0
4157 2889 0.30469 0
4158 2901 0.28906 0
4159 2069 0.31641 0
4160 2073 0.31641 0
4161 1139 0.31250 0
4162 1139 0.31641 0
4163 2074 0.31641 0
4164 1140 0.33594 0
4165 1148 0.30469 0
4166 1145 0.28906 0
4167 1146 0.29297 0
4168 1146 0.28516 0
4169 1146 0.29688 0
4170 2074 0.31641 0
4171 2076 0.30078 0
4172 2076 0.29297 0
4173 2079 0.30078 0
4174 3715 0.30078 0
4175 3718 0.30859 0
4176 734 0.34375 0
4177 3717 0.32812 0
4178 3718 0.37109 0
4179 3403 0.35938 0
4180 2000 0.38672 0
4181 2300 0.35156 0
4182 3407 0.37891 0
4183 3408 0.37109 0
4184 3409 0.41406 0
4185 645 0.37109 0
4186 644 0.33984 0
4187 646 0.36719 0
4188 3405 0.36328 0
4189 2556 0.39062 0
4190 2558 0.37891 0
4191 2747 0.36328 0
4192 921 0.27734 1
4193 923 0.23047 1
4194 925 0.19141 1
4195 924 0.17188 1
4196 925 0.12500 1
4197 925 0.14062 1
4198 927 0.14453 1
4199 928 0.12891 1
4200 928 0.11328 1
4201 930 0.07422 1
4202 931 0.09766 1
4203 932 0.10156 1
4204 933 0.08594 1
4205 934 0.09375 1
4206 935 0.10156 1
4207 936 0.10547 1
4208 938 0.08984 1
4209 940 0.08594 1
4210 940 0.06250 1
4211 942 0.06250 1
4212 943 0.07031 1
4213 944 0.08984 1
4214 945 0.06250 1
4215 946 0.08594 1
4216 948 0.12109 1
4217 949 0.06641 1
4218 950 0.10938 1
4219 951 0.07031 1
4220 952 0.08594 1
4221 953 0.06641 1
4222 955 0.09766 1
4223 956 0.07422 1
4224 957 0.07422 1
4225 959 0.06250 1
4226 960 0.06250 1
4227 961 0.07812 1
4228 962 0.07422 1
4229 964 0.09375 1
4230 965 0.08594 1
4231 966 0.08594 1
4232 967 0.07422 1
4233 969 0.04688 1
4234 970 0.08203 1
4235 971 0.07031 1
4236 973 0.09766 1
4237 974 0.08594 1
4238 975 0.07031 1
4239 976 0.04297 1
4240 977 0.06641 1
4241 979 0.05859 1
4242 980 0.07031 1
4243 981 0.05859 1
4244 983 0.06641 1
4245 984 0.07031 1
4246 987 0.09375 1
4247 988 0.05469 1
4248 989 0.05859 1
4249 989 0.06641 1
4250 992 0.07422 1
4251 994 0.06641 1
4252 997 0.08594 1
4253 996 0.08984 1
4254 1000 0.07812 1
4255 1001 0.07422 1
4256 1003 0.05078 1
4257 1005 0.05078 1
4258 1007 0.07031 1
4259 1009 0.07031 1
4260 1011 0.05078 1
4261 1013 0.08203 1
4262 1016 0.06641 1
4263 1021 0.09375 1
4264 1021 0.10156 1
4265 1024 0.09375 1
4266 1025 0.12891 1
4267 1029 0.15234 1
4268 1031 0.17969 1
4269 1031 0.28516 1
4270 1036 0.33594 1
4271 912 0.34375 0
4272 1038 0.35547 0
4273 2004 0.33203 0
4274 3404 0.35547 0
4275 1047 0.28516 0
4276 3404 0.31250 0
4277 1050 0.28125 0
4278 1052 0.26172 0
4279 1052 0.26953 0
4280 1055 0.30469 0
4281 1058 0.29688 0
4282 1061 0.28516 0
4283 1061 0.28906 0
4284 1821 0.33594 0
4285 1821 0.30859 0
4286 1822 0.29297 0
4287 786 0.28125 0
4288 784 0.27734 0
4289 991 0.25000 0
4290 994 0.24219 0
4291 991 0.25391 0
4292 248 0.21875 0
4293 249 0.26172 0
4294 996 0.25781 0
4295 999 0.22266 0
4296 1001 0.22266 0
4297 994 0.27734 0
4298 994 0.25391 0
4299 994 0.23828 0
4300 979 0.19922 0
4301 981 0.22266 0
4302 1001 0.24609 0
4303 1004 0.24609 0
4304 975 0.23828 0
4305 975 0.22266 0
4306 976 0.20703 0
4307 976 0.21484 0
4308 980 0.18359 0
4309 979 0.16406 0
4310 979 0.17578 0
4311 980 0.17969 0
4312 980 0.16797 0
4313 981 0.18359 0
4314 981 0.18359 0
4315 987 0.18359 0
4316 989 0.20312 0
4317 988 0.19531 0
4318 995 0.21484 0
4319 993 0.21875 0
4320 996 0.19531 0
4321 995 0.19922 0
4322 996 0.18750 0
4323 996 0.18750 0
4324 995 0.20312 0
4325 1001 0.18359 0
4326 1004 0.19922 0
4327 981 0.23047 0
4328 995 0.23047 0
4329 3016 0.27344 0
4330 999 0.19141 0
4331 995 0.19922 0
4332 999 0.20312 0
4333 1003 0.23828 0
4334 995 0.23047 0
4335 1006 0.25000 0
4336 3613 0.30469 0
4337 1901 0.28906 0
4338 3602 0.27734 0
4339 3602 0.28125 0
4340 3604 0.30469 0
4341 792 0.28516 0
4342 792 0.28125 0
4343 789 0.30078 0
4344 789 0.32031 0
4345 787 0.28906 0
4346 787 0.27734 0
4347 786 0.26562 0
4348 785 0.30859 0
4349 783 0.29688 0
4350 783 0.33594 0
4351 783 0.30859 0
4352 1543 0.32422 0
4353 1544 0.29688 0
4354 1546 0.29297 0
4355 1546 0.27344 0
4356 1544 0.28125 0
4357 1544 0.32422 0
4358 2121 0.34375 0
4359 1012 0.35156 0
4360 2355 0.35156 0
4361 1625 0.37500 0
4362 2186 0.35547 0
4363 2355 0.40234 0
4364 2188 0.38672 0
4365 2715 0.32812 0
4366 2715 0.32031 0
4367 2715 0.32031 0
4368 2716 0.32812 0
4369 2719 0.31641 0
4370 2721 0.33984 0
4371 2721 0.34375 0
4372 2721 0.35547 0
4373 2723 0.38672 0
4374 2723 0.38672 0
4375 2730 0.33594 0
4376 2223 0.34766 0
4377 2223 0.26953 0
4378 2222 0.33203 0
4379 3801 0.35156 0
4380 3801 0.33594 0
4381 3801 0.34375 0
4382 2124 0.33984 0
4383 2124 0.31250 0
4384 2710 0.29297 0
4385 2710 0.31250 0
4386 2216 0.28906 0
4387 2215 0.28125 0
4388 2215 0.30859 0
4389 2215 0.32812 0
4390 1177 0.35547 0
4391 1019 0.35938 0
4392 2224 0.33594 0
4393 766 0.38281 0
4394 2711 0.37109 0
4395 2121 0.35156 0
4396 1801 0.30469 0
4397 1801 0.26562 1
4398 1801 0.21875 1
4399 1804 0.23047 1
4400 1805 0.19141 1
4401 1805 0.16797 1
4402 1807 0.15234 1
4403 1809 0.13281 1
4404 1811 0.14844 1
4405 1812 0.12891 1
4406 1815 0.12891 1
4407 1815 0.12500 1
4408 1816 0.09766 1
4409 1818 0.11328 1
4410 1819 0.11328 1
4411 1820 0.15234 1
4412 1823 0.09766 1
4413 1824 0.12109 1
4414 1825 0.07812 1
4415 1826 0.10938 1
4416 1828 0.11719 1
4417 1829 0.11328 1
4418 1830 0.10156 1
4419 1832 0.10156 1
4420 1834 0.09375 1
4421 1834 0.08984 1
4422 1836 0.09375 1
4423 1836 0.10938 1
4424 1837 0.08984 1
4425 1839 0.08594 1
4426 1840 0.07422 1
4427 1841 0.07422 1
4428 1842 0.12109 1
4429 1843 0.08984 1
4430 1844 0.08203 1
4431 1845 0.10156 1
4432 1847 0.09375 1
4433 1847 0.07812 1
4434 1848 0.09766 1
4435 1849 0.09766 1
4436 1850 0.07812 1
4437 1851 0.09375 1
4438 1853 0.09375 1
4439 1854 0.09766 1
4440 1855 0.07031 1
4441 1856 0.10156 1
4442 1857 0.08984 1
4443 1858 0.07812 1
4444 1858 0.08203 1
4445 1860 0.05859 1
4446 1861 0.07422 1
4447 1862 0.07031 1
4448 1863 0.08203 1
4449 1864 0.05859 1
4450 1865 0.06641 1
4451 1866 0.07031 1
4452 1866 0.08984 1
4453 1867 0.08594 1
4454 1867 0.09375 1
4455 1870 0.09375 1
4456 1870 0.09375 1
4457 1872 0.10156 1
4458 1873 0.07422 1
4459 1874 0.08203 1
4460 1875 0.07422 1
4461 1876 0.07422 1
4462 1877 0.09766 1
4463 1878 0.11719 1
4464 1881 0.08984 1
4465 1881 0.10938 1
4466 1882 0.11719 1
4467 1882 0.10938 1
4468 1883 0.08203 1
4469 1883 0.10938 1
4470 1885 0.12109 1
4471 1886 0.07031 1
4472 1888 0.11328 1
4473 1889 0.12109 1
4474 1888 0.13281 1
4475 1890 0.14844 1
4476 1892 0.13672 1
4477 1892 0.13281 1
4478 1893 0.11719 1
4479 1896 0.11719 1
4480 1896 0.08984 1
4481 1897 0.14062 1
4482 1899 0.08594 1
4483 1898 0.11719 1
4484 1899 0.06641 1
4485 1902 0.08984 1
4486 1902 0.09375 1
4487 1903 0.08984 1
4488 1904 0.09766 1
4489 1906 0.07031 1
4490 1907 0.11328 1
4491 1907 0.09375 1
4492 1907 0.09766 1
4493 1907 0.13281 1
4494 1910 0.14062 1
4495 1910 0.13672 1
4496 1912 0.10938 1
4497 1912 0.14062 1
4498 1919 0.16406 0
4499 1925 0.14453 0
4500 1917 0.14844 1
4501 1918 0.10547 1
4502 1918 0.10156 1
4503 1919 0.11328 1
4504 1920 0.08203 1
4505 1920 0.10156 1
4506 1922 0.10547 1
4507 1923 0.06641 1
4508 1924 0.10156 1
4509 1926 0.07812 1
4510 1926 0.06641 1
4511 1926 0.07812 1
4512 1929 0.05078 1
4513 1929 0.07031 1
4514 1930 0.08984 1
4515 1931 0.08203 1
4516 1932 0.07031 1
4517 1934 0.08984 1
4518 1934 0.06250 1
4519 1935 0.07422 1
4520 1937 0.07812 1
4521 1937 0.09375 1
4522 1937 0.07422 1
4523 1939 0.09375 1
4524 1941 0.08203 1
4525 1942 0.07031 1
4526 1942 0.04297 1
4527 1943 0.06641 1
4528 1944 0.05078 1
4529 1944 0.07422 1
4530 1947 0.05859 1
4531 1947 0.09375 1
4532 1948 0.06250 1
4533 1948 0.07422 1
4534 1950 0.06250 1
4535 1951 0.08203 1
4536 1953 0.09375 1
4537 1953 0.04688 1
4538 1955 0.05469 1
4539 1956 0.07031 1
4540 1957 0.06250 1
4541 1958 0.06250 1
4542 1959 0.06250 1
4543 1959 0.07031 1
4544 1961 0.07812 1
4545 1963 0.07031 1
4546 1964 0.06641 1
4547 1965 0.08203 1
4548 1965 0.09375 1
4549 1967 0.05469 1
4550 1968 0.06641 1
4551 1969 0.08984 1
4552 1971 0.08594 1
4553 1972 0.07812 1
4554 1974 0.07031 1
4555 1974 0.07812 1
4556 1976 0.07031 1
4557 1977 0.09766 1
4558 1979 0.07422 1
4559 1981 0.06250 1
4560 1982 0.07812 1
4561 1983 0.07422 1
4562 1986 0.05469 1
4563 1988 0.10156 1
4564 1989 0.08203 1
4565 1992 0.08203 1
4566 1992 0.07812 1
4567 1996 0.08203 1
4568 1998 0.13281 1
4569 2000 0.14844 1
4570 2000 0.22266 1
4571 2002 0.30469 1
4572 1038 0.32031 0
4573 4268 0.31641 0
4574 2004 0.32422 0
4575 3412 0.27344 0
4576 3412 0.21875 1
4577 3409 0.14062 1
4578 3409 0.12500 1
4579 3405 0.17969 1
4580 3405 0.17969 1
4581 3403 0.19141 1
4582 2962 0.35938 0
4583 2962 0.34375 0
4584 2231 0.31250 0
4585 2355 0.34375 0
4586 2232 0.31641 0
4587 2183 0.29688 0
4588 2183 0.33594 0
4589 2183 0.33203 0
4590 3386 0.30078 1
4591 3382 0.28906 0
4592 3382 0.29297 1
4593 3380 0.26953 1
4594 3379 0.26562 1
4595 3377 0.23047 1
4596 3377 0.24609 1
4597 3375 0.25000 1
4598 3374 0.26172 1
4599 3372 0.24219 1
4600 3371 0.20703 1
4601 3370 0.24609 1
4602 3368 0.26953 1
4603 3368 0.28906 1
4604 3367 0.32031 1
4605 3365 0.29297 1
4606 3364 0.28125 1
4607 3364 0.31250 1
4608 1200 0.37109 0
4609 1202 0.40234 0
4610 1206 0.38281 0
4611 1213 0.39844 0
4612 3780 0.38281 0
4613 3780 0.43359 0
4614 3785 0.42188 0
4615 3784 0.38672 0
4616 234 0.41797 0
4617 1210 0.39062 0
4618 3791 0.39844 0
4619 3792 0.39844 0
4620 3792 0.30469 0
4621 3792 0.30078 0
4622 3795 0.40234 0
4623 3795 0.38281 0
4624 3795 0.36719 0
4625 3366 0.41406 0
4626 477 0.39453 0
4627 465 0.44141 0
4628 648 0.39062 0
4629 239 0.35156 0
4630 241 0.30859 0
4631 241 0.32422 0
4632 241 0.29688 0
4633 242 0.32031 0
4634 1802 0.33203 0
4635 1802 0.30859 0
4636 1804 0.31641 0
4637 1805 0.32812 0
4638 1973 0.31641 0
4639 1973 0.29297 0
4640 1840 0.30469 0
4641 1908 0.29297 0
4642 1951 0.27734 0
4643 1823 0.26172 0
4644 1824 0.28125 0
4645 3000 0.30078 0
4646 1971 0.32031 0
4647 3004 0.30469 0
4648 1958 0.27734 0
4649 1958 0.28125 0
4650 3005 0.26172 0
4651 1926 0.25781 0
4652 1926 0.30078 0
4653 1924 0.30078 0
4654 1934 0.30859 0
4655 1924 0.28516 0
4656 1925 0.32031 0
4657 1925 0.32422 0
4658 1925 0.33203 0
4659 1925 0.33984 0
4660 1929 0.32812 0
4661 1930 0.32422 0
